4 0 385 873 113 152 1 
4 1 601 685 70 123 0 
13 0 385 873 113 152 1 
13 1 596 677 78 125 0 
14 0 385 873 113 152 1 
14 1 596 670 74 132 0 
15 0 385 873 113 152 1 
15 1 592 667 78 136 0 
16 0 385 873 113 152 1 
16 1 593 667 77 138 0 
26 0 385 873 113 152 1 
26 1 589 664 69 125 0 
27 0 385 873 113 152 1 
27 1 589 664 92 124 0 
29 0 385 873 113 152 1 
29 1 582 662 78 123 0 
84 0 385 873 113 152 1 
84 1 557 635 80 129 0 
511 0 385 873 113 152 1 
511 1 541 622 81 130 0 
541 0 385 873 113 152 1 
541 2 794 898 83 145 0 
542 0 385 873 113 152 1 
542 2 793 896 84 145 0 
543 0 385 873 113 152 1 
543 2 790 896 88 138 0 
546 0 385 873 113 152 1 
546 2 789 898 84 143 0 
556 0 385 873 113 152 1 
556 2 773 900 92 147 0 
557 0 385 873 113 152 1 
557 2 771 890 95 157 0 
558 0 385 873 113 152 1 
558 2 768 878 96 167 0 
559 0 385 873 113 152 1 
559 2 767 876 96 170 0 
560 0 385 873 113 152 1 
560 2 761 875 104 152 0 
561 0 385 873 113 152 1 
561 2 752 872 123 145 0 
562 0 385 873 113 152 1 
562 2 751 872 117 142 0 
563 0 385 873 113 152 1 
563 2 748 870 118 141 0 
564 0 385 873 113 152 1 
564 2 739 874 118 139 0 
565 0 385 873 113 152 1 
565 2 735 874 116 138 0 
566 0 385 873 113 152 1 
566 2 733 873 116 139 0 
567 0 385 873 113 152 1 
567 2 729 872 119 139 0 
568 0 385 873 113 152 1 
568 2 723 872 124 140 0 
569 0 385 873 113 152 1 
569 2 722 872 124 141 0 
574 0 385 873 113 152 1 
574 2 732 861 101 140 0 
575 0 385 873 113 152 1 
575 2 734 858 94 143 0 
577 0 385 873 113 152 1 
577 2 736 849 89 147 0 
578 0 385 873 113 152 1 
578 2 738 848 86 149 0 
579 0 385 873 113 152 1 
579 2 741 845 84 151 0 
580 0 385 873 113 152 1 
580 2 735 839 90 145 0 
581 0 385 873 113 152 1 
581 2 733 838 94 135 0 
582 0 385 873 113 152 1 
582 2 731 838 97 130 0 
583 0 385 873 113 152 1 
583 2 730 838 92 134 0 
584 0 385 873 113 152 1 
584 2 727 839 94 133 0 
585 0 385 873 113 152 1 
585 2 722 835 100 138 0 
586 0 385 873 113 152 1 
586 2 722 832 99 140 0 
587 0 385 873 113 152 1 
587 2 722 831 98 141 0 
601 0 385 873 113 152 1 
601 2 727 835 91 137 0 
602 0 385 873 113 152 1 
602 2 727 836 91 136 0 
606 0 385 873 113 152 1 
606 2 725 839 96 135 0 
613 0 385 873 113 152 1 
613 2 713 848 110 133 0 
614 0 385 873 113 152 1 
614 2 712 848 112 132 0 
615 0 385 873 113 152 1 
615 2 713 849 111 130 0 
616 0 385 873 113 152 1 
616 2 713 850 104 125 0 
617 0 385 873 113 152 1 
617 2 713 850 103 123 0 
618 0 385 873 113 152 1 
618 2 713 849 106 123 0 
619 0 385 873 113 152 1 
619 2 713 850 105 121 0 
620 0 385 873 113 152 1 
620 2 713 851 104 120 0 
621 0 385 873 113 152 1 
621 2 713 850 104 121 0 
622 0 385 873 113 152 1 
622 2 711 849 107 120 0 
623 0 385 873 113 152 1 
623 2 712 850 106 118 0 
624 0 385 873 113 152 1 
624 2 712 851 107 117 0 
625 0 385 873 113 152 1 
625 2 708 854 111 117 0 
626 0 385 873 113 152 1 
626 2 709 855 108 115 0 
627 0 385 873 113 152 1 
627 2 709 856 108 114 0 
628 0 385 873 113 152 1 
628 2 708 856 109 115 0 
629 0 385 873 113 152 1 
629 2 708 856 111 115 0 
630 0 385 873 113 152 1 
630 2 707 855 112 116 0 
631 0 385 873 113 152 1 
631 2 706 855 111 121 0 
632 0 385 873 113 152 1 
632 2 706 855 112 122 0 
633 0 385 873 113 152 1 
633 2 706 852 110 127 0 
636 0 385 873 113 152 1 
636 2 708 847 106 132 0 
637 0 385 873 113 152 1 
637 2 708 845 106 134 0 
638 0 385 873 113 152 1 
638 2 709 845 105 134 0 
639 0 385 873 113 152 1 
639 2 709 845 104 133 0 
640 0 385 873 113 152 1 
640 2 709 844 104 134 0 
641 0 385 873 113 152 1 
641 2 709 844 104 134 0 
646 0 385 873 113 152 1 
646 2 711 846 102 132 0 
649 0 385 873 113 152 1 
649 2 710 846 104 131 0 
659 0 385 873 113 152 1 
659 2 712 839 104 140 0 
661 0 385 873 113 152 1 
661 2 716 837 96 141 0 
662 0 385 873 113 152 1 
662 2 715 835 99 144 0 
663 0 385 873 113 152 1 
663 2 715 836 99 143 0 
664 0 385 873 113 152 1 
664 2 715 835 98 144 0 
665 0 385 873 113 152 1 
665 2 715 835 98 144 0 
666 0 385 873 113 152 1 
666 2 715 835 98 144 0 
667 0 385 873 113 152 1 
667 2 715 835 98 144 0 
668 0 385 873 113 152 1 
668 2 715 835 99 144 0 
669 0 385 873 113 152 1 
669 2 715 835 99 144 0 
670 0 385 873 113 152 1 
670 2 715 835 99 144 0 
671 0 385 873 113 152 1 
671 2 714 835 99 143 0 
672 0 385 873 113 152 1 
672 2 715 835 97 142 0 
673 0 385 873 113 152 1 
673 2 715 833 98 144 0 
674 0 385 873 113 152 1 
674 2 717 831 95 143 0 
675 0 385 873 113 152 1 
675 2 719 828 91 143 0 
676 0 385 873 113 152 1 
676 2 720 825 91 142 0 
677 0 385 873 113 152 1 
677 2 720 825 91 142 0 
678 0 385 873 113 152 1 
678 2 720 825 91 142 0 
679 0 385 873 113 152 1 
679 2 721 825 90 141 0 
680 0 385 873 113 152 1 
680 2 720 825 91 142 0 
681 0 385 873 113 152 1 
681 2 721 826 90 141 0 
682 0 385 873 113 152 1 
682 2 720 826 92 143 0 
683 0 385 873 113 152 1 
683 2 718 827 94 142 0 
684 0 385 873 113 152 1 
684 2 719 828 91 141 0 
685 0 385 873 113 152 1 
685 2 721 827 87 141 0 
686 0 385 873 113 152 1 
686 2 721 827 87 141 0 
687 0 385 873 113 152 1 
687 2 720 826 89 142 0 
688 0 385 873 113 152 1 
688 2 721 827 87 141 0 
689 0 385 873 113 152 1 
689 2 721 827 86 142 0 
690 0 385 873 113 152 1 
690 2 720 826 88 143 0 
691 0 385 873 113 152 1 
691 2 721 824 88 147 0 
692 0 385 873 113 152 1 
692 2 720 823 90 149 0 
693 0 385 873 113 152 1 
693 2 720 823 89 149 0 
694 0 385 873 113 152 1 
694 2 721 823 88 149 0 
695 0 385 873 113 152 1 
695 2 721 823 88 149 0 
696 0 385 873 113 152 1 
696 2 720 824 90 148 0 
697 0 385 873 113 152 1 
697 2 720 824 90 148 0 
698 0 385 873 113 152 1 
698 2 721 824 88 148 0 
699 0 385 873 113 152 1 
699 2 722 827 85 144 0 
700 0 385 873 113 152 1 
700 2 722 826 87 144 0 
701 0 385 873 113 152 1 
701 2 722 826 86 145 0 
702 0 385 873 113 152 1 
702 2 722 825 87 147 0 
703 0 385 873 113 152 1 
703 2 722 825 87 147 0 
704 0 385 873 113 152 1 
704 2 722 825 87 147 0 
705 0 385 873 113 152 1 
705 2 722 825 87 146 0 
706 0 385 873 113 152 1 
706 2 723 826 87 145 0 
707 0 385 873 113 152 1 
707 2 724 826 85 144 0 
708 0 385 873 113 152 1 
708 2 723 826 87 145 0 
709 0 385 873 113 152 1 
709 2 724 826 85 144 0 
710 0 385 873 113 152 1 
710 2 724 826 86 144 0 
711 0 385 873 113 152 1 
711 2 723 826 87 145 0 
712 0 385 873 113 152 1 
712 2 724 827 85 143 0 
713 0 385 873 113 152 1 
713 2 724 827 85 143 0 
714 0 385 873 113 152 1 
714 2 723 830 87 142 0 
715 0 385 873 113 152 1 
715 2 721 835 88 138 0 
716 0 385 873 113 152 1 
716 2 721 836 89 137 0 
717 0 385 873 113 152 1 
717 2 720 836 92 138 0 
718 0 385 873 113 152 1 
718 2 720 836 90 138 0 
719 0 385 873 113 152 1 
719 2 719 835 92 139 0 
720 0 385 873 113 152 1 
720 2 720 836 89 138 0 
721 0 385 873 113 152 1 
721 2 717 834 93 139 0 
722 0 385 873 113 152 1 
722 2 718 835 91 137 0 
723 0 385 873 113 152 1 
723 2 716 834 93 138 0 
724 0 385 873 113 152 1 
724 2 714 834 95 138 0 
725 0 385 873 113 152 1 
725 2 714 834 94 139 0 
726 0 385 873 113 152 1 
726 2 714 834 94 140 0 
727 0 385 873 113 152 1 
727 2 713 834 96 141 0 
728 0 385 873 113 152 1 
728 2 714 834 94 141 0 
729 0 385 873 113 152 1 
729 2 713 833 96 145 0 
730 0 385 873 113 152 1 
730 2 714 833 95 146 0 
731 0 385 873 113 152 1 
731 2 714 832 93 140 0 
732 0 385 873 113 152 1 
732 2 707 831 101 134 0 
733 0 385 873 113 152 1 
733 2 706 833 99 134 0 
734 0 385 873 113 152 1 
734 2 704 836 101 133 0 
745 0 385 873 113 152 1 
745 2 678 827 113 140 0 
957 0 385 873 113 152 1 
957 2 696 825 113 142 0 
1087 0 385 873 113 152 1 
1087 2 705 864 118 144 0 
1088 0 385 873 113 152 1 
1088 2 709 866 115 143 0 
1089 0 385 873 113 152 1 
1089 2 711 867 114 141 0 
1251 0 385 873 113 152 1 
1251 2 676 784 96 139 0 
1252 0 385 873 113 152 1 
1252 2 675 784 97 139 0 
1291 0 385 873 113 152 1 
1291 2 657 808 91 132 0 
1417 0 385 873 113 152 1 
1417 2 643 804 90 131 0 
1426 0 385 873 113 152 1 
1426 4 511 876 117 143 0 
1427 0 385 873 113 152 1 
1427 4 512 877 114 141 0 
1438 0 385 873 113 152 1 
1438 4 485 824 114 180 0 
1439 0 385 873 113 152 1 
1439 4 477 825 123 174 0 
1440 0 385 873 113 152 1 
1440 4 482 824 112 175 0 
1441 0 385 873 113 152 1 
1441 4 491 825 91 179 0 
1442 0 385 873 113 152 1 
1442 4 484 824 96 180 0 
1443 0 385 873 113 152 1 
1443 4 476 804 103 202 0 
1444 0 385 873 113 152 1 
1444 4 473 816 105 193 0 
1445 0 385 873 113 152 1 
1445 4 475 833 101 176 0 
1446 0 385 873 113 152 1 
1446 4 475 834 100 174 0 
1447 0 385 873 113 152 1 
1447 4 474 838 98 170 0 
1448 0 385 873 113 152 1 
1448 4 474 844 94 162 0 
1449 0 385 873 113 152 1 
1449 4 474 843 93 162 0 
1450 0 385 873 113 152 1 
1450 4 478 842 91 163 0 
1451 0 385 873 113 152 1 
1451 4 481 821 90 182 0 
1452 0 385 873 113 152 1 
1452 4 477 801 97 200 0 
1453 0 385 873 113 152 1 
1453 4 476 801 98 200 0 
1454 0 385 873 113 152 1 
1454 4 475 798 99 203 0 
1455 0 385 873 113 152 1 
1455 4 476 799 99 202 0 
1456 0 385 873 113 152 1 
1456 4 477 800 97 204 0 
1457 0 385 873 113 152 1 
1457 4 477 797 97 208 0 
1458 0 385 873 113 152 1 
1458 4 478 797 97 208 0 
1459 0 385 873 113 152 1 
1459 4 478 799 98 206 0 
1460 0 385 873 113 152 1 
1460 4 478 799 96 206 0 
1461 0 385 873 113 152 1 
1461 4 479 797 95 208 0 
1462 0 385 873 113 152 1 
1462 4 477 795 98 210 0 
1463 0 385 873 113 152 1 
1463 4 476 794 100 211 0 
1464 0 385 873 113 152 1 
1464 4 474 797 104 206 0 
1465 0 385 873 113 152 1 
1465 4 464 787 116 204 0 
1466 0 385 873 113 152 1 
1466 4 459 791 112 201 0 
1467 0 385 873 113 152 1 
1467 4 456 784 106 205 0 
1468 0 385 873 113 152 1 
1468 4 456 819 106 167 0 
1469 0 385 873 113 152 1 
1469 4 454 807 101 179 0 
1470 0 385 873 113 152 1 
1470 4 452 800 103 188 0 
1471 0 385 873 113 152 1 
1471 4 447 821 108 167 0 
1472 0 385 873 113 152 1 
1472 4 447 838 107 149 0 
1473 0 385 873 113 152 1 
1473 4 447 838 105 148 0 
1474 0 385 873 113 152 1 
1474 4 446 841 107 146 0 
1475 0 385 873 113 152 1 
1475 4 444 843 108 144 0 
1476 0 385 873 113 152 1 
1476 4 444 843 107 144 0 
1477 0 385 873 113 152 1 
1477 4 443 845 109 142 0 
1478 0 385 873 113 152 1 
1478 4 445 846 102 139 0 
1479 0 385 873 113 152 1 
1479 4 444 846 102 139 0 
1480 0 385 873 113 152 1 
1480 4 446 844 99 141 0 
1481 0 385 873 113 152 1 
1481 4 443 840 103 144 0 
1482 0 385 873 113 152 1 
1482 4 444 834 101 149 0 
1483 0 385 873 113 152 1 
1483 4 444 837 102 149 0 
1484 0 385 873 113 152 1 
1484 4 444 838 102 148 0 
1485 0 385 873 113 152 1 
1485 4 445 840 101 146 0 
1486 0 385 873 113 152 1 
1486 4 447 835 94 150 0 
1487 0 385 873 113 152 1 
1487 4 452 790 89 196 0 
1488 0 385 873 113 152 1 
1488 4 453 778 88 207 0 
1488 5 635 794 78 166 0 
1489 0 385 873 113 152 1 
1489 4 449 777 91 204 0 
1489 5 637 794 73 162 0 
1490 0 385 873 113 152 1 
1490 4 448 781 92 199 0 
1490 5 637 788 75 159 0 
1491 0 385 873 113 152 1 
1491 4 448 778 91 202 0 
1491 5 638 785 74 157 0 
1492 0 385 873 113 152 1 
1492 4 449 778 91 196 0 
1492 5 636 773 80 167 0 
1493 0 385 873 113 152 1 
1493 4 447 785 95 174 0 
1494 0 385 873 113 152 1 
1494 4 445 787 96 171 0 
1495 0 385 873 113 152 1 
1495 4 440 788 93 170 0 
1496 0 385 873 113 152 1 
1496 4 437 805 88 151 0 
1497 0 385 873 113 152 1 
1497 4 435 796 87 160 0 
1498 0 385 873 113 152 1 
1498 4 423 792 95 165 0 
1499 0 385 873 113 152 1 
1499 4 418 792 95 168 0 
1500 0 385 873 113 152 1 
1500 4 417 785 96 179 0 
1500 5 711 858 85 151 0 
1502 0 385 873 113 152 1 
1502 4 413 783 97 180 0 
1503 0 385 873 113 152 1 
1503 5 607 748 99 151 0 
1504 0 385 873 113 152 1 
1504 4 426 771 79 183 0 
1504 5 603 748 102 150 0 
1505 0 385 873 113 152 1 
1505 4 430 752 82 200 0 
1506 0 385 873 113 152 1 
1506 4 428 753 86 202 0 
1507 0 385 873 113 152 1 
1507 4 428 750 87 202 0 
1508 0 385 873 113 152 1 
1508 4 429 749 77 200 0 
1508 5 601 744 102 146 0 
1509 0 385 873 113 152 1 
1509 4 426 748 83 201 0 
1510 0 385 873 113 152 1 
1510 4 421 742 83 175 0 
1514 0 385 873 113 152 1 
1514 4 400 735 84 174 0 
1517 0 385 873 113 152 1 
1517 4 395 730 84 173 0 
1518 0 385 873 113 152 1 
1518 5 436 903 116 166 0 
1521 0 385 873 113 152 1 
1521 4 426 890 124 183 0 
1522 0 385 873 113 152 1 
1522 4 426 890 125 184 0 
1523 0 385 873 113 152 1 
1523 4 420 894 131 180 0 
1524 0 385 873 113 152 1 
1524 4 420 898 126 172 0 
1525 0 385 873 113 152 1 
1525 4 413 907 125 161 0 
1526 0 385 873 113 152 1 
1526 4 415 909 124 161 0 
1527 0 385 873 113 152 1 
1527 4 416 909 120 160 0 
1528 0 385 873 113 152 1 
1528 4 413 907 114 164 0 
1539 0 385 873 113 152 1 
1539 4 387 884 138 163 0 
1540 0 385 873 113 152 1 
1540 4 383 891 138 158 0 
1541 0 385 873 113 152 1 
1541 4 379 896 140 157 0 
1542 0 385 873 113 152 1 
1542 4 375 896 143 157 0 
1544 0 385 873 113 152 1 
1544 4 375 899 138 156 0 
1545 0 385 873 113 152 1 
1545 4 375 899 136 155 0 
1546 0 385 873 113 152 1 
1546 4 372 899 135 153 0 
1547 0 385 873 113 152 1 
1547 4 372 900 134 153 0 
1548 0 385 873 113 152 1 
1548 4 373 900 131 153 0 
1548 8 406 729 85 177 0 
1549 0 385 873 113 152 1 
1549 4 369 890 128 153 0 
1552 0 385 873 113 152 1 
1552 4 367 870 116 162 0 
1552 8 410 729 84 163 0 
1553 0 385 873 113 152 1 
1553 4 365 862 118 168 0 
1554 0 385 873 113 152 1 
1554 4 368 860 114 164 0 
1556 0 385 873 113 152 1 
1556 4 369 858 108 151 0 
1557 0 385 873 113 152 1 
1557 4 369 859 100 152 0 
1558 0 385 873 113 152 1 
1558 4 359 868 108 153 0 
1559 0 385 873 113 152 1 
1559 4 344 867 125 163 0 
1560 0 385 873 113 152 1 
1560 4 341 869 128 163 0 
1561 0 385 873 113 152 1 
1561 4 340 870 129 162 0 
1561 8 400 725 78 174 0 
1562 0 385 873 113 152 1 
1562 4 337 872 129 161 0 
1562 8 398 723 82 176 0 
1563 0 385 873 113 152 1 
1563 4 335 872 129 160 0 
1563 8 397 721 83 178 0 
1564 0 385 873 113 152 1 
1564 4 336 872 123 160 0 
1564 8 398 722 81 176 0 
1565 0 385 873 113 152 1 
1565 4 335 872 123 162 0 
1570 0 385 873 113 152 1 
1570 4 359 837 96 178 0 
1571 0 385 873 113 152 1 
1571 4 362 829 89 183 0 
1572 0 385 873 113 152 1 
1572 4 364 822 82 191 0 
1575 0 385 873 113 152 1 
1575 4 364 817 78 194 0 
1577 0 385 873 113 152 1 
1577 4 312 822 112 156 0 
1577 10 272 955 143 124 0 
1578 0 385 873 113 152 1 
1578 4 312 819 112 155 0 
1578 10 271 949 141 130 0 
1579 0 385 873 113 152 1 
1579 4 307 816 116 153 0 
1580 0 385 873 113 152 1 
1580 4 305 814 113 160 0 
1580 10 266 950 148 129 0 
1581 0 385 873 113 152 1 
1581 4 299 811 118 160 0 
1582 0 385 873 113 152 1 
1582 10 267 957 137 122 0 
1583 0 385 873 113 152 1 
1583 10 267 959 136 120 0 
1584 0 385 873 113 152 1 
1584 10 265 959 140 120 0 
1585 0 385 873 113 152 1 
1585 4 304 800 114 171 0 
1585 10 266 959 144 120 0 
1586 0 385 873 113 152 1 
1586 4 310 796 105 172 0 
1586 10 270 960 144 119 0 
1587 0 385 873 113 152 1 
1587 4 311 795 104 170 0 
1587 10 269 959 145 120 0 
1588 0 385 873 113 152 1 
1588 4 310 792 104 170 0 
1589 0 385 873 113 152 1 
1589 4 303 794 116 153 0 
1589 10 261 953 146 126 0 
1590 0 385 873 113 152 1 
1590 4 305 796 106 158 0 
1590 10 259 952 147 127 0 
1591 0 385 873 113 152 1 
1591 4 290 799 132 159 0 
1591 10 259 949 145 130 0 
1592 0 385 873 113 152 1 
1592 4 286 797 137 160 0 
1593 0 385 873 113 152 1 
1593 10 259 947 145 132 0 
1594 0 385 873 113 152 1 
1594 10 259 948 147 131 0 
1595 0 385 873 113 152 1 
1595 10 260 947 146 132 0 
1596 0 385 873 113 152 1 
1596 10 259 946 148 133 0 
1597 0 385 873 113 152 1 
1597 4 279 807 121 145 0 
1597 10 258 945 151 134 0 
1598 0 385 873 113 152 1 
1598 4 277 805 115 146 0 
1598 10 257 945 152 134 0 
1599 0 385 873 113 152 1 
1599 4 275 803 117 148 0 
1599 10 257 944 152 135 0 
1600 0 385 873 113 152 1 
1600 4 272 802 119 148 0 
1601 0 385 873 113 152 1 
1601 10 259 947 147 132 0 
1602 0 385 873 113 152 1 
1602 10 259 947 147 132 0 
1603 0 385 873 113 152 1 
1603 10 258 948 149 131 0 
1604 0 385 873 113 152 1 
1604 10 258 948 149 131 0 
1605 0 385 873 113 152 1 
1605 10 258 948 150 131 0 
1606 0 385 873 113 152 1 
1606 10 258 951 147 128 0 
1607 0 385 873 113 152 1 
1607 10 258 952 146 127 0 
1608 0 385 873 113 152 1 
1608 10 259 953 144 126 0 
1609 0 385 873 113 152 1 
1609 10 259 953 144 126 0 
1610 0 385 873 113 152 1 
1610 10 258 952 147 127 0 
1611 0 385 873 113 152 1 
1611 10 258 952 147 127 0 
1612 0 385 873 113 152 1 
1612 10 256 951 147 128 0 
1613 0 385 873 113 152 1 
1613 10 254 951 152 128 0 
1614 0 385 873 113 152 1 
1614 10 255 950 150 129 0 
1615 0 385 873 113 152 1 
1615 10 255 950 150 129 0 
1616 0 385 873 113 152 1 
1616 10 255 950 151 129 0 
1617 0 385 873 113 152 1 
1617 10 254 951 152 128 0 
1618 0 385 873 113 152 1 
1618 10 255 952 150 127 0 
1619 0 385 873 113 152 1 
1619 10 253 952 152 127 0 
1620 0 385 873 113 152 1 
1620 10 254 953 149 126 0 
1621 0 385 873 113 152 1 
1621 10 255 954 148 125 0 
1622 0 385 873 113 152 1 
1622 10 254 950 148 129 0 
1623 0 385 873 113 152 1 
1623 10 254 948 147 131 0 
1624 0 385 873 113 152 1 
1624 10 252 944 150 135 0 
1625 0 385 873 113 152 1 
1625 10 250 943 152 136 0 
1626 0 385 873 113 152 1 
1626 10 250 943 152 136 0 
1627 0 385 873 113 152 1 
1627 10 249 943 152 136 0 
1628 0 385 873 113 152 1 
1628 10 247 943 155 136 0 
1629 0 385 873 113 152 1 
1629 10 247 944 154 135 0 
1630 0 385 873 113 152 1 
1630 10 246 945 154 134 0 
1631 0 385 873 113 152 1 
1631 10 246 945 151 134 0 
1632 0 385 873 113 152 1 
1632 10 244 944 156 135 0 
1633 0 385 873 113 152 1 
1633 10 243 944 157 135 0 
1634 0 385 873 113 152 1 
1634 10 241 945 158 134 0 
1635 0 385 873 113 152 1 
1635 10 241 945 158 134 0 
1636 0 385 873 113 152 1 
1636 10 245 946 151 133 0 
1637 0 385 873 113 152 1 
1637 10 244 946 150 133 0 
1638 0 385 873 113 152 1 
1638 10 242 946 154 133 0 
1639 0 385 873 113 152 1 
1639 10 240 938 156 141 0 
1640 0 385 873 113 152 1 
1640 10 235 926 155 153 0 
1641 0 385 873 113 152 1 
1641 10 233 921 156 158 0 
1642 0 385 873 113 152 1 
1642 10 235 898 149 179 0 
1643 0 385 873 113 152 1 
1643 10 236 893 155 185 0 
1644 0 385 873 113 152 1 
1644 10 233 891 161 188 0 
1645 0 385 873 113 152 1 
1645 10 238 885 144 193 0 
1646 0 385 873 113 152 1 
1646 10 239 890 140 180 0 
1647 0 385 873 113 152 1 
1647 10 242 892 129 174 0 
1648 0 385 873 113 152 1 
1648 10 246 894 122 172 0 
1649 0 385 873 113 152 1 
1649 10 246 892 124 177 0 
1650 0 385 873 113 152 1 
1650 10 241 890 127 179 0 
1651 0 385 873 113 152 1 
1651 10 241 889 117 175 0 
1652 0 385 873 113 152 1 
1652 10 236 888 124 175 0 
1653 0 385 873 113 152 1 
1653 10 233 884 127 174 0 
1654 0 385 873 113 152 1 
1654 10 227 884 134 173 0 
1655 0 385 873 113 152 1 
1655 10 227 883 129 173 0 
1656 0 385 873 113 152 1 
1656 10 226 885 126 172 0 
1657 0 385 873 113 152 1 
1657 10 234 889 111 169 0 
1658 0 385 873 113 152 1 
1658 10 232 890 110 167 0 
1659 0 385 873 113 152 1 
1659 10 231 893 108 166 0 
1660 0 385 873 113 152 1 
1660 10 221 894 121 165 0 
1661 0 385 873 113 152 1 
1661 10 217 897 126 163 0 
1662 0 385 873 113 152 1 
1662 10 220 900 122 162 0 
1663 0 385 873 113 152 1 
1663 10 225 901 115 160 0 
1664 0 385 873 113 152 1 
1664 10 212 901 141 176 0 
1665 0 385 873 113 152 1 
1665 10 212 899 138 177 0 
1666 0 385 873 113 152 1 
1666 10 217 891 131 181 0 
1667 0 385 873 113 152 1 
1667 10 225 886 115 183 0 
1668 0 385 873 113 152 1 
1668 10 225 885 113 184 0 
1669 0 385 873 113 152 1 
1669 14 149 936 124 143 0 
1681 0 385 873 113 152 1 
1681 10 144 884 109 182 0 
1682 0 385 873 113 152 1 
1682 10 140 881 120 171 0 
1683 0 385 873 113 152 1 
1683 10 143 881 117 172 0 
1684 0 385 873 113 152 1 
1684 10 144 881 106 168 0 
1685 0 385 873 113 152 1 
1685 10 145 885 97 162 0 
1686 0 385 873 113 152 1 
1686 10 140 889 103 157 0 
1687 0 385 873 113 152 1 
1687 10 130 892 114 154 0 
1688 0 385 873 113 152 1 
1688 10 122 890 108 150 0 
1689 0 385 873 113 152 1 
1689 10 118 889 108 146 0 
1690 0 385 873 113 152 1 
1690 10 119 890 104 146 0 
1691 0 385 873 113 152 1 
1691 10 116 888 111 150 0 
1692 0 385 873 113 152 1 
1692 10 112 888 111 149 0 
1693 0 385 873 113 152 1 
1693 10 116 888 106 147 0 
1694 0 385 873 113 152 1 
1694 10 113 889 106 144 0 
1695 0 385 873 113 152 1 
1695 14 227 848 112 167 0 
1696 0 385 873 113 152 1 
1696 14 211 847 122 168 0 
1697 0 385 873 113 152 1 
1697 14 198 847 134 169 0 
1698 0 385 873 113 152 1 
1698 14 198 845 137 171 0 
1698 16 424 989 140 90 0 
1699 0 385 873 113 152 1 
1699 14 195 846 123 168 0 
1700 0 385 873 113 152 1 
1700 14 193 847 114 167 0 
1701 0 385 873 113 152 1 
1701 14 191 846 116 166 0 
1706 0 385 873 113 152 1 
1706 10 173 990 128 89 0 
1707 0 385 873 113 152 1 
1707 10 175 993 132 86 0 
1708 0 385 873 113 152 1 
1708 10 170 993 141 86 0 
1710 0 385 873 113 152 1 
1710 10 174 999 140 80 0 
1714 0 385 873 113 152 1 
1714 10 125 985 137 94 0 
1714 16 440 968 128 111 0 
1715 0 385 873 113 152 1 
1715 10 117 976 142 103 0 
1715 14 227 796 138 172 0 
1715 16 438 967 129 112 0 
1716 0 385 873 113 152 1 
1716 10 117 973 141 106 0 
1716 14 228 796 137 173 0 
1716 16 438 971 131 108 0 
1717 0 385 873 113 152 1 
1717 10 113 971 139 108 0 
1717 14 224 794 145 170 0 
1718 0 385 873 113 152 1 
1718 10 111 971 137 108 0 
1718 14 222 795 142 163 0 
1719 0 385 873 113 152 1 
1719 10 110 971 138 108 0 
1719 14 217 796 146 164 0 
1720 0 385 873 113 152 1 
1720 10 109 974 134 105 0 
1720 14 218 796 142 162 0 
1721 0 385 873 113 152 1 
1721 10 105 976 133 103 0 
1722 0 385 873 113 152 1 
1722 10 101 977 139 102 0 
1723 0 385 873 113 152 1 
1723 10 97 981 135 98 0 
1724 0 385 873 113 152 1 
1724 10 95 985 136 94 0 
1725 0 385 873 113 152 1 
1725 10 95 987 134 92 0 
1726 0 385 873 113 152 1 
1726 10 95 988 133 91 0 
1727 0 385 873 113 152 1 
1727 10 93 989 134 90 0 
1728 0 385 873 113 152 1 
1728 10 94 989 133 90 0 
1729 0 385 873 113 152 1 
1729 10 96 989 130 90 0 
1730 0 385 873 113 152 1 
1730 10 96 986 131 93 0 
1731 0 385 873 113 152 1 
1731 10 93 984 130 95 0 
1732 0 385 873 113 152 1 
1732 10 87 980 127 99 0 
1733 0 385 873 113 152 1 
1733 10 84 977 123 102 0 
1734 0 385 873 113 152 1 
1734 10 83 974 121 105 0 
1735 0 385 873 113 152 1 
1735 10 80 966 123 113 0 
1736 0 385 873 113 152 1 
1736 10 79 964 122 115 0 
1741 0 385 873 113 152 1 
1741 10 76 963 122 116 0 
1742 0 385 873 113 152 1 
1742 14 203 805 90 164 0 
1742 16 275 799 84 141 0 
1743 0 385 873 113 152 1 
1743 14 203 805 89 163 0 
1745 0 385 873 113 152 1 
1745 14 203 807 88 160 0 
1747 0 385 873 113 152 1 
1747 14 201 808 92 159 0 
1748 0 385 873 113 152 1 
1748 14 202 808 92 160 0 
1749 0 385 873 113 152 1 
1749 14 201 808 95 160 0 
1750 0 385 873 113 152 1 
1750 14 199 807 101 162 0 
1751 0 385 873 113 152 1 
1751 14 198 806 101 164 0 
1752 0 385 873 113 152 1 
1752 14 197 806 103 165 0 
1760 0 385 873 113 152 1 
1760 14 192 806 114 167 0 
1768 0 385 873 113 152 1 
1768 14 189 805 115 166 0 
1770 0 385 873 113 152 1 
1770 16 272 1021 140 58 0 
1772 0 385 873 113 152 1 
1772 19 556 894 144 185 0 
1783 0 385 873 113 152 1 
1783 19 538 867 147 207 0 
1784 0 385 873 113 152 1 
1784 19 542 868 145 210 0 
1785 0 385 873 113 152 1 
1785 19 543 869 142 207 0 
1786 0 385 873 113 152 1 
1786 19 543 865 143 212 0 
1792 0 385 873 113 152 1 
1792 14 228 954 156 125 0 
1792 19 538 859 146 218 0 
1793 0 385 873 113 152 1 
1793 14 226 953 156 126 0 
1794 0 385 873 113 152 1 
1794 14 227 949 152 130 0 
1795 0 385 873 113 152 1 
1795 14 229 951 146 128 0 
1796 0 385 873 113 152 1 
1796 14 221 949 152 130 0 
1797 0 385 873 113 152 1 
1797 14 222 948 146 131 0 
1798 0 385 873 113 152 1 
1798 14 221 948 149 131 0 
1799 0 385 873 113 152 1 
1799 14 227 949 138 130 0 
1800 0 385 873 113 152 1 
1800 14 230 950 130 129 0 
1801 0 385 873 113 152 1 
1801 14 227 948 133 131 0 
1802 0 385 873 113 152 1 
1802 14 228 948 132 131 0 
1803 0 385 873 113 152 1 
1803 14 228 948 129 131 0 
1804 0 385 873 113 152 1 
1804 14 227 946 130 133 0 
1805 0 385 873 113 152 1 
1805 14 227 946 131 133 0 
1806 0 385 873 113 152 1 
1806 14 228 947 129 132 0 
1807 0 385 873 113 152 1 
1807 14 229 948 128 131 0 
1808 0 385 873 113 152 1 
1808 14 228 947 132 132 0 
1809 0 385 873 113 152 1 
1809 14 228 947 133 132 0 
1810 0 385 873 113 152 1 
1810 14 227 947 132 132 0 
1810 19 529 865 163 214 0 
1811 0 385 873 113 152 1 
1811 14 228 948 131 131 0 
1812 0 385 873 113 152 1 
1812 14 228 948 132 131 0 
1813 0 385 873 113 152 1 
1813 14 227 948 133 131 0 
1814 0 385 873 113 152 1 
1814 14 229 951 133 128 0 
1815 0 385 873 113 152 1 
1815 14 229 951 134 128 0 
1815 19 531 864 159 215 0 
1816 0 385 873 113 152 1 
1816 14 235 951 121 128 0 
1816 19 545 868 146 211 0 
1817 0 385 873 113 152 1 
1817 14 232 946 124 133 0 
1817 19 544 869 148 210 0 
1818 0 385 873 113 152 1 
1818 14 232 945 124 134 0 
1818 19 543 870 149 209 0 
1819 0 385 873 113 152 1 
1819 14 232 944 124 135 0 
1819 19 544 874 148 205 0 
1820 0 385 873 113 152 1 
1820 14 234 943 122 136 0 
1820 19 546 878 142 201 0 
1821 0 385 873 113 152 1 
1821 14 236 943 119 136 0 
1821 19 549 877 139 202 0 
1822 0 385 873 113 152 1 
1822 14 235 943 119 136 0 
1823 0 385 873 113 152 1 
1823 14 234 943 120 136 0 
1824 0 385 873 113 152 1 
1824 14 233 943 122 136 0 
1825 0 385 873 113 152 1 
1825 14 234 943 121 136 0 
1826 0 385 873 113 152 1 
1826 14 238 948 114 131 0 
1827 0 385 873 113 152 1 
1827 14 239 950 111 129 0 
1828 0 385 873 113 152 1 
1828 14 236 951 116 128 0 
1829 0 385 873 113 152 1 
1829 14 234 949 119 130 0 
1830 0 385 873 113 152 1 
1830 14 233 949 120 130 0 
1831 0 385 873 113 152 1 
1831 14 239 946 113 133 0 
1832 0 385 873 113 152 1 
1832 14 238 945 115 134 0 
1833 0 385 873 113 152 1 
1833 14 238 945 116 134 0 
1833 19 317 632 110 180 0 
1833 22 375 955 111 124 0 
1834 0 385 873 113 152 1 
1834 14 238 945 115 134 0 
1834 19 301 615 108 178 0 
1835 0 385 873 113 152 1 
1835 14 237 944 117 135 0 
1835 22 372 935 99 143 0 
1836 0 385 873 113 152 1 
1836 14 237 944 117 135 0 
1836 22 369 930 99 149 0 
1837 0 385 873 113 152 1 
1837 14 233 945 123 134 0 
1837 22 363 926 104 153 0 
1837 24 551 916 86 159 0 
1838 0 385 873 113 152 1 
1838 14 237 945 118 134 0 
1838 22 358 920 107 159 0 
1839 0 385 873 113 152 1 
1839 14 238 944 117 135 0 
1839 24 552 912 84 162 0 
1840 0 385 873 113 152 1 
1840 14 237 945 118 134 0 
1840 24 555 920 140 159 0 
1841 0 385 873 113 152 1 
1841 14 235 947 121 132 0 
1842 0 385 873 113 152 1 
1842 14 235 948 121 131 0 
1843 0 385 873 113 152 1 
1843 14 236 948 120 131 0 
1844 0 385 873 113 152 1 
1844 14 234 949 124 130 0 
1844 25 556 904 129 174 0 
1845 0 385 873 113 152 1 
1845 14 236 952 119 127 0 
1845 25 558 902 129 176 0 
1846 0 385 873 113 152 1 
1846 14 236 952 116 127 0 
1847 0 385 873 113 152 1 
1847 14 237 951 115 128 0 
1848 0 385 873 113 152 1 
1848 14 229 952 125 127 0 
1849 0 385 873 113 152 1 
1849 14 205 955 145 124 0 
1850 0 385 873 113 152 1 
1850 14 227 956 127 123 0 
1850 22 74 896 139 183 0 
1850 24 399 782 137 252 0 
1851 0 385 873 113 152 1 
1851 14 230 956 126 123 0 
1852 0 385 873 113 152 1 
1852 14 243 949 112 130 0 
1852 24 394 787 146 228 0 
1853 0 385 873 113 152 1 
1853 14 245 949 115 130 0 
1853 24 398 775 139 231 0 
1854 0 385 873 113 152 1 
1854 14 244 949 116 130 0 
1854 24 394 773 144 231 0 
1855 0 385 873 113 152 1 
1855 14 241 948 121 131 0 
1855 24 395 775 135 222 0 
1856 0 385 873 113 152 1 
1856 14 229 952 130 127 0 
1856 24 411 776 121 215 0 
1857 0 385 873 113 152 1 
1857 14 226 953 135 126 0 
1857 24 420 777 114 213 0 
1858 0 385 873 113 152 1 
1858 14 225 954 135 125 0 
1858 24 426 778 110 203 0 
1859 0 385 873 113 152 1 
1859 14 223 954 137 125 0 
1859 24 426 781 107 192 0 
1860 0 385 873 113 152 1 
1860 14 224 956 136 123 0 
1860 24 427 777 95 185 0 
1861 0 385 873 113 152 1 
1861 14 229 955 132 124 0 
1862 0 385 873 113 152 1 
1862 14 226 951 142 128 0 
1863 0 385 873 113 152 1 
1863 14 222 951 149 128 0 
1867 0 385 873 113 152 1 
1867 14 212 972 161 107 0 
1868 0 385 873 113 152 1 
1868 14 216 975 149 104 0 
1869 0 385 873 113 152 1 
1869 14 211 972 154 107 0 
1870 0 385 873 113 152 1 
1870 14 216 974 153 105 0 
1871 0 385 873 113 152 1 
1871 14 224 976 134 103 0 
1872 0 385 873 113 152 1 
1872 14 227 977 127 102 0 
1873 0 385 873 113 152 1 
1873 14 229 975 121 104 0 
1874 0 385 873 113 152 1 
1874 14 228 976 120 103 0 
1874 24 628 734 107 135 0 
1875 0 385 873 113 152 1 
1875 14 226 975 123 104 0 
1875 24 623 737 115 128 0 
1875 27 315 982 118 97 0 
1876 0 385 873 113 152 1 
1876 14 232 974 116 105 0 
1876 24 637 734 113 123 0 
1877 0 385 873 113 152 1 
1877 14 227 971 122 108 0 
1877 27 299 946 126 132 0 
1878 0 385 873 113 152 1 
1878 14 226 971 123 108 0 
1878 27 296 940 123 139 0 
1879 0 385 873 113 152 1 
1879 14 229 971 116 108 0 
1879 27 301 937 115 142 0 
1880 0 385 873 113 152 1 
1880 14 228 971 116 108 0 
1881 0 385 873 113 152 1 
1881 27 300 936 112 142 0 
1882 0 385 873 113 152 1 
1882 27 303 936 106 143 0 
1883 0 385 873 113 152 1 
1883 14 230 972 121 107 0 
1883 27 300 929 114 149 0 
1884 0 385 873 113 152 1 
1884 14 227 972 125 107 0 
1884 27 300 923 113 155 0 
1885 0 385 873 113 152 1 
1885 14 219 964 135 115 0 
1885 27 303 914 102 164 0 
1886 0 385 873 113 152 1 
1886 14 225 970 125 109 0 
1886 27 305 902 105 173 0 
1887 0 385 873 113 152 1 
1887 14 225 972 125 107 0 
1887 27 306 900 102 176 0 
1888 0 385 873 113 152 1 
1888 14 238 967 108 112 0 
1888 27 310 900 97 176 0 
1889 0 385 873 113 152 1 
1889 14 233 950 113 128 0 
1889 27 310 900 102 176 0 
1890 0 385 873 113 152 1 
1890 14 211 942 141 137 0 
1890 27 310 899 102 176 0 
1890 29 190 935 88 144 0 
1891 0 385 873 113 152 1 
1891 14 208 939 145 140 0 
1892 0 385 873 113 152 1 
1892 27 299 894 121 182 0 
1893 0 385 873 113 152 1 
1893 27 307 895 110 179 0 
1894 0 385 873 113 152 1 
1894 27 309 898 106 177 0 
1896 0 385 873 113 152 1 
1896 27 292 892 121 187 0 
1897 0 385 873 113 152 1 
1897 24 515 915 118 164 0 
1899 0 385 873 113 152 1 
1899 24 508 923 119 156 0 
1900 0 385 873 113 152 1 
1900 14 224 938 142 141 0 
1901 0 385 873 113 152 1 
1901 14 224 937 143 142 0 
1902 0 385 873 113 152 1 
1902 24 511 880 126 199 0 
1902 27 303 884 101 191 0 
1903 0 385 873 113 152 1 
1903 24 522 874 110 204 0 
1903 27 302 891 99 184 0 
1904 0 385 873 113 152 1 
1904 14 229 960 120 119 0 
1904 24 530 873 92 204 0 
1904 27 304 889 94 183 0 
1905 0 385 873 113 152 1 
1905 14 229 960 121 119 0 
1905 24 530 874 92 203 0 
1905 27 302 891 96 182 0 
1905 29 391 958 137 121 0 
1906 0 385 873 113 152 1 
1906 14 228 960 126 119 0 
1906 24 529 872 95 202 0 
1906 27 308 891 85 178 0 
1906 29 382 947 157 132 0 
1907 0 385 873 113 152 1 
1907 14 229 960 119 119 0 
1907 24 522 871 103 203 0 
1907 27 309 890 81 182 0 
1907 29 380 929 122 150 0 
1908 0 385 873 113 152 1 
1908 14 228 961 119 118 0 
1908 24 517 869 110 206 0 
1908 27 309 890 82 182 0 
1908 29 375 925 115 152 0 
1909 0 385 873 113 152 1 
1909 14 228 961 119 118 0 
1909 24 508 866 111 204 0 
1909 27 311 889 78 183 0 
1909 29 372 900 100 165 0 
1910 0 385 873 113 152 1 
1910 14 228 962 119 117 0 
1910 24 505 863 107 198 0 
1910 27 311 888 77 184 0 
1910 29 370 872 89 181 0 
1911 0 385 873 113 152 1 
1911 14 227 962 121 117 0 
1911 24 503 862 105 186 0 
1911 27 311 889 77 183 0 
1911 29 368 863 84 191 0 
1912 0 385 873 113 152 1 
1912 14 228 961 121 118 0 
1912 24 501 862 104 185 0 
1913 0 385 873 113 152 1 
1913 14 229 961 118 118 0 
1913 27 309 885 84 187 0 
1914 0 385 873 113 152 1 
1914 14 229 962 117 117 0 
1914 27 307 886 91 185 0 
1915 0 385 873 113 152 1 
1915 14 227 959 126 120 0 
1916 0 385 873 113 152 1 
1916 14 233 953 114 126 0 
1916 27 304 886 101 186 0 
1917 0 385 873 113 152 1 
1917 14 233 950 116 129 0 
1917 27 303 887 105 184 0 
1918 0 385 873 113 152 1 
1918 14 232 949 116 130 0 
1918 27 305 887 97 184 0 
1919 0 385 873 113 152 1 
1919 14 229 949 117 130 0 
1919 27 300 884 103 184 0 
1920 0 385 873 113 152 1 
1920 14 227 949 112 130 0 
1920 27 296 883 111 185 0 
1921 0 385 873 113 152 1 
1921 14 226 946 109 133 0 
1921 24 66 793 120 163 0 
1921 27 299 888 106 183 0 
1922 0 385 873 113 152 1 
1922 14 227 946 102 133 0 
1922 24 67 791 113 163 0 
1922 27 297 889 109 183 0 
1923 0 385 873 113 152 1 
1923 14 227 940 105 138 0 
1923 24 67 790 112 163 0 
1923 27 292 890 114 182 0 
1924 0 385 873 113 152 1 
1924 14 227 939 104 139 0 
1924 24 67 790 109 163 0 
1924 27 292 886 113 188 0 
1925 0 385 873 113 152 1 
1925 24 62 787 109 162 0 
1925 27 294 884 110 192 0 
1926 0 385 873 113 152 1 
1926 27 292 883 113 194 0 
1926 29 359 762 71 176 0 
1927 0 385 873 113 152 1 
1927 14 227 896 109 182 0 
1927 27 286 883 121 194 0 
1928 0 385 873 113 152 1 
1928 14 228 891 107 186 0 
1928 27 284 883 123 195 0 
1929 0 385 873 113 152 1 
1929 27 282 883 128 196 0 
1930 0 385 873 113 152 1 
1930 27 279 882 132 196 0 
1930 29 341 760 92 142 0 
1931 0 385 873 113 152 1 
1931 27 280 884 129 195 0 
1932 0 385 873 113 152 1 
1932 27 281 885 129 194 0 
1933 0 385 873 113 152 1 
1933 27 280 888 129 190 0 
1934 0 385 873 113 152 1 
1934 27 273 887 135 192 0 
1935 0 385 873 113 152 1 
1935 27 271 884 141 195 0 
1936 0 385 873 113 152 1 
1936 14 225 883 96 195 0 
1936 27 280 887 124 189 0 
1937 0 385 873 113 152 1 
1937 14 225 887 95 191 0 
1937 27 283 890 120 184 0 
1938 0 385 873 113 152 1 
1938 14 223 889 99 186 0 
1938 24 140 870 105 183 0 
1938 27 283 890 120 183 0 
1938 29 342 721 79 164 0 
1939 0 385 873 113 152 1 
1939 14 222 891 102 185 0 
1939 24 144 871 100 183 0 
1939 27 284 890 120 182 0 
1939 29 341 700 82 189 0 
1940 0 385 873 113 152 1 
1940 14 222 891 102 184 0 
1940 24 143 872 101 184 0 
1940 27 284 890 122 183 0 
1940 29 337 690 94 199 0 
1941 0 385 873 113 152 1 
1941 14 222 891 101 184 0 
1941 24 148 876 100 184 0 
1941 27 284 889 123 184 0 
1942 0 385 873 113 152 1 
1942 14 222 890 101 184 0 
1942 24 142 872 101 182 0 
1942 27 283 890 125 182 0 
1943 0 385 873 113 152 1 
1943 14 222 892 101 182 0 
1943 24 136 876 110 179 0 
1943 27 283 890 125 183 0 
1944 0 385 873 113 152 1 
1944 14 222 893 101 180 0 
1944 24 139 879 111 179 0 
1944 27 284 890 123 182 0 
1945 0 385 873 113 152 1 
1945 14 224 894 97 179 0 
1945 24 141 874 99 179 0 
1945 27 285 891 121 181 0 
1945 29 338 728 75 131 0 
1946 0 385 873 113 152 1 
1946 14 224 894 97 180 0 
1946 24 140 875 100 178 0 
1946 27 285 892 123 181 0 
1946 29 333 726 84 132 0 
1947 0 385 873 113 152 1 
1947 14 225 894 96 179 0 
1947 24 140 875 102 178 0 
1947 27 285 891 123 182 0 
1947 29 333 726 81 131 0 
1948 0 385 873 113 152 1 
1948 14 224 892 98 181 0 
1948 24 142 876 102 179 0 
1948 27 285 892 122 180 0 
1949 0 385 873 113 152 1 
1949 14 226 898 94 176 0 
1949 24 138 877 104 178 0 
1949 27 291 896 114 174 0 
1949 29 329 725 83 133 0 
1950 0 385 873 113 152 1 
1950 14 227 899 93 175 0 
1950 24 140 879 104 177 0 
1950 27 288 897 116 175 0 
1951 0 385 873 113 152 1 
1951 14 225 900 97 175 0 
1951 27 292 902 106 166 0 
1951 29 325 719 94 139 0 
1952 0 385 873 113 152 1 
1952 14 225 900 97 176 0 
1952 27 293 904 104 163 0 
1952 29 322 716 95 140 0 
1953 0 385 873 113 152 1 
1953 14 225 900 97 176 0 
1953 27 294 904 103 163 0 
1953 29 319 714 101 142 0 
1953 31 606 756 108 126 0 
1954 0 385 873 113 152 1 
1954 14 225 899 96 177 0 
1954 27 290 903 108 168 0 
1954 29 320 715 91 142 0 
1954 31 604 755 111 127 0 
1955 0 385 873 113 152 1 
1955 14 225 899 96 177 0 
1955 27 289 903 110 168 0 
1955 29 324 715 76 141 0 
1955 31 601 755 113 127 0 
1956 0 385 873 113 152 1 
1956 14 224 899 97 177 0 
1956 27 288 903 111 168 0 
1956 29 323 713 75 143 0 
1956 31 602 755 112 126 0 
1957 0 385 873 113 152 1 
1957 14 224 899 96 177 0 
1957 27 288 903 111 169 0 
1957 29 325 713 73 142 0 
1957 31 599 755 116 125 0 
1958 0 385 873 113 152 1 
1958 14 224 899 96 178 0 
1958 27 286 903 114 170 0 
1958 29 325 712 72 142 0 
1959 0 385 873 113 152 1 
1959 14 223 900 97 177 0 
1959 27 288 904 109 163 0 
1959 31 599 756 116 125 0 
1960 0 385 873 113 152 1 
1960 14 224 901 94 175 0 
1960 27 288 904 110 167 0 
1960 31 601 756 114 126 0 
1961 0 385 873 113 152 1 
1961 14 226 901 91 176 0 
1961 27 289 904 109 168 0 
1961 31 598 756 118 127 0 
1962 0 385 873 113 152 1 
1962 14 226 902 92 174 0 
1962 27 290 904 107 167 0 
1963 0 385 873 113 152 1 
1963 14 224 903 96 173 0 
1963 27 289 905 107 161 0 
1963 31 602 755 117 127 0 
1964 0 385 873 113 152 1 
1964 14 221 904 101 171 0 
1964 27 289 905 108 164 0 
1965 0 385 873 113 152 1 
1965 14 221 905 101 169 0 
1965 27 289 905 108 164 0 
