3 0 13 1760 1029 445 1 
3 1 0 1801 1039 422 0 
4 0 13 1760 1029 445 1 
4 1 0 1803 1038 420 0 
5 0 13 1760 1029 445 1 
5 1 0 1802 1032 421 0 
6 0 13 1760 1029 445 1 
6 1 0 1799 1033 424 0 
7 0 13 1760 1029 445 1 
7 1 0 1798 1031 425 0 
8 0 13 1760 1029 445 1 
8 1 0 1796 1026 427 0 
9 0 13 1760 1029 445 1 
9 1 0 1796 1031 427 0 
10 0 13 1760 1029 445 1 
10 1 1 1788 1021 435 0 
11 0 13 1760 1029 445 1 
11 1 0 1792 1022 431 0 
12 0 13 1760 1029 445 1 
12 1 0 1794 1027 429 0 
13 0 13 1760 1029 445 1 
13 1 0 1792 1026 431 0 
14 0 13 1760 1029 445 1 
14 1 0 1798 1034 425 0 
15 0 13 1760 1029 445 1 
15 1 0 1797 1039 426 0 
16 0 13 1760 1029 445 1 
16 1 0 1797 1035 426 0 
17 0 13 1760 1029 445 1 
17 1 0 1798 1040 425 0 
18 0 13 1760 1029 445 1 
18 1 0 1794 1037 429 0 
19 0 13 1760 1029 445 1 
19 1 0 1793 1038 430 0 
20 0 13 1760 1029 445 1 
20 1 0 1794 1034 429 0 
21 0 13 1760 1029 445 1 
21 1 0 1792 1034 431 0 
22 0 13 1760 1029 445 1 
22 1 0 1788 1029 435 0 
23 0 13 1760 1029 445 1 
23 1 0 1787 1033 436 0 
24 0 13 1760 1029 445 1 
24 1 0 1786 1033 437 0 
25 0 13 1760 1029 445 1 
25 1 0 1786 1033 437 0 
26 0 13 1760 1029 445 1 
26 1 0 1792 1041 431 0 
27 0 13 1760 1029 445 1 
27 1 0 1791 1038 432 0 
28 0 13 1760 1029 445 1 
28 1 0 1795 1048 428 0 
29 0 13 1760 1029 445 1 
29 1 0 1797 1052 426 0 
30 0 13 1760 1029 445 1 
30 1 0 1795 1047 428 0 
31 0 13 1760 1029 445 1 
31 1 1 1788 1040 435 0 
32 0 13 1760 1029 445 1 
32 1 0 1791 1047 432 0 
33 0 13 1760 1029 445 1 
33 1 0 1791 1048 432 0 
34 0 13 1760 1029 445 1 
34 1 0 1787 1043 436 0 
35 0 13 1760 1029 445 1 
35 1 0 1791 1038 432 0 
36 0 13 1760 1029 445 1 
36 1 0 1794 1041 429 0 
37 0 13 1760 1029 445 1 
37 1 0 1790 1041 433 0 
38 0 13 1760 1029 445 1 
38 1 0 1790 1049 433 0 
39 0 13 1760 1029 445 1 
39 1 0 1787 1043 436 0 
40 0 13 1760 1029 445 1 
40 1 0 1784 1042 439 0 
41 0 13 1760 1029 445 1 
41 1 0 1787 1047 436 0 
42 0 13 1760 1029 445 1 
42 1 0 1788 1051 435 0 
43 0 13 1760 1029 445 1 
43 1 3 1760 1055 462 0 
44 0 13 1760 1029 445 1 
44 1 0 1782 1044 441 0 
45 0 13 1760 1029 445 1 
45 1 0 1788 1045 435 0 
45 3 569 1162 156 204 0 
46 0 13 1760 1029 445 1 
46 1 0 1784 1038 439 0 
46 3 575 1162 154 199 0 
47 0 13 1760 1029 445 1 
47 1 0 1783 1040 440 0 
47 3 583 1163 146 200 0 
48 0 13 1760 1029 445 1 
48 1 0 1787 1048 436 0 
49 0 13 1760 1029 445 1 
49 1 0 1786 1044 437 0 
50 0 13 1760 1029 445 1 
50 1 0 1787 1042 436 0 
51 0 13 1760 1029 445 1 
51 1 0 1788 1044 435 0 
52 0 13 1760 1029 445 1 
52 1 0 1785 1041 438 0 
53 0 13 1760 1029 445 1 
53 1 0 1787 1044 436 0 
54 0 13 1760 1029 445 1 
54 1 0 1785 1047 438 0 
55 0 13 1760 1029 445 1 
55 1 0 1783 1042 440 0 
56 0 13 1760 1029 445 1 
56 1 0 1782 1042 441 0 
57 0 13 1760 1029 445 1 
57 1 0 1782 1042 441 0 
58 0 13 1760 1029 445 1 
58 1 0 1785 1043 438 0 
59 0 13 1760 1029 445 1 
59 1 0 1786 1041 437 0 
60 0 13 1760 1029 445 1 
60 1 0 1785 1041 438 0 
61 0 13 1760 1029 445 1 
61 1 0 1781 1043 442 0 
61 3 570 1161 155 214 0 
62 0 13 1760 1029 445 1 
62 1 0 1783 1045 440 0 
62 3 577 1164 145 206 0 
63 0 13 1760 1029 445 1 
63 1 3 1755 1053 467 0 
64 0 13 1760 1029 445 1 
64 1 0 1777 1044 446 0 
65 0 13 1760 1029 445 1 
65 1 0 1776 1044 447 0 
66 0 13 1760 1029 445 1 
66 1 0 1777 1042 446 0 
67 0 13 1760 1029 445 1 
67 1 0 1778 1037 445 0 
67 3 574 1160 149 206 0 
68 0 13 1760 1029 445 1 
68 1 0 1778 1039 445 0 
69 0 13 1760 1029 445 1 
69 1 1 1751 1063 471 0 
70 0 13 1760 1029 445 1 
70 1 0 1748 1069 475 0 
71 0 13 1760 1029 445 1 
71 1 0 1746 1072 477 0 
72 0 13 1760 1029 445 1 
72 1 0 1753 1069 470 0 
73 0 13 1760 1029 445 1 
73 1 0 1749 1070 474 0 
74 0 13 1760 1029 445 1 
74 1 0 1751 1068 472 0 
74 3 569 1155 156 212 0 
75 0 13 1760 1029 445 1 
75 1 0 1750 1067 473 0 
76 0 13 1760 1029 445 1 
76 1 0 1751 1061 472 0 
77 0 13 1760 1029 445 1 
77 1 0 1748 1063 475 0 
78 0 13 1760 1029 445 1 
78 1 0 1750 1062 473 0 
79 0 13 1760 1029 445 1 
79 1 0 1752 1066 471 0 
80 0 13 1760 1029 445 1 
80 1 0 1752 1051 471 0 
81 0 13 1760 1029 445 1 
81 1 0 1752 1057 471 0 
82 0 13 1760 1029 445 1 
82 1 0 1783 1040 440 0 
83 0 13 1760 1029 445 1 
83 1 2 1761 1047 461 0 
84 0 13 1760 1029 445 1 
84 1 1 1753 1053 470 0 
85 0 13 1760 1029 445 1 
85 1 0 1755 1052 468 0 
86 0 13 1760 1029 445 1 
86 1 0 1759 1058 464 0 
87 0 13 1760 1029 445 1 
87 1 0 1787 1041 436 0 
88 0 13 1760 1029 445 1 
88 1 0 1786 1042 437 0 
89 0 13 1760 1029 445 1 
89 1 2 1761 1054 461 0 
90 0 13 1760 1029 445 1 
90 1 0 1782 1048 441 0 
91 0 13 1760 1029 445 1 
91 1 2 1753 1058 469 0 
92 0 13 1760 1029 445 1 
92 1 0 1780 1050 443 0 
93 0 13 1760 1029 445 1 
93 1 0 1785 1042 438 0 
94 0 13 1760 1029 445 1 
94 1 0 1787 1039 436 0 
95 0 13 1760 1029 445 1 
95 1 0 1786 1039 437 0 
96 0 13 1760 1029 445 1 
96 1 0 1787 1040 436 0 
97 0 13 1760 1029 445 1 
97 1 0 1789 1039 434 0 
98 0 13 1760 1029 445 1 
98 1 3 1759 1052 463 0 
99 0 13 1760 1029 445 1 
99 1 1 1742 1061 481 0 
100 0 13 1760 1029 445 1 
100 1 0 1755 1063 468 0 
101 0 13 1760 1029 445 1 
101 1 0 1745 1061 478 0 
102 0 13 1760 1029 445 1 
102 1 0 1743 1067 480 0 
103 0 13 1760 1029 445 1 
103 1 0 1747 1072 476 0 
104 0 13 1760 1029 445 1 
104 1 0 1753 1073 470 0 
105 0 13 1760 1029 445 1 
105 1 0 1759 1065 464 0 
106 0 13 1760 1029 445 1 
106 1 0 1757 1065 466 0 
107 0 13 1760 1029 445 1 
107 1 0 1758 1071 465 0 
108 0 13 1760 1029 445 1 
108 1 0 1754 1065 469 0 
109 0 13 1760 1029 445 1 
109 1 0 1752 1069 471 0 
110 0 13 1760 1029 445 1 
110 1 0 1758 1064 465 0 
111 0 13 1760 1029 445 1 
111 1 0 1755 1059 468 0 
112 0 13 1760 1029 445 1 
112 1 0 1755 1067 468 0 
113 0 13 1760 1029 445 1 
113 1 0 1749 1063 474 0 
114 0 13 1760 1029 445 1 
114 1 0 1754 1064 469 0 
115 0 13 1760 1029 445 1 
115 1 1 1741 1061 482 0 
116 0 13 1760 1029 445 1 
116 1 0 1741 1064 482 0 
117 0 13 1760 1029 445 1 
117 1 0 1746 1063 477 0 
118 0 13 1760 1029 445 1 
118 1 0 1746 1066 477 0 
119 0 13 1760 1029 445 1 
119 1 0 1783 1049 440 0 
120 0 13 1760 1029 445 1 
120 1 2 1759 1059 463 0 
121 0 13 1760 1029 445 1 
121 1 0 1756 1067 467 0 
122 0 13 1760 1029 445 1 
122 1 0 1760 1063 463 0 
123 0 13 1760 1029 445 1 
123 1 0 1753 1063 470 0 
124 0 13 1760 1029 445 1 
124 1 0 1757 1057 466 0 
125 0 13 1760 1029 445 1 
125 1 0 1778 1039 445 0 
126 0 13 1760 1029 445 1 
126 1 1 1758 1054 464 0 
127 0 13 1760 1029 445 1 
127 1 0 1787 1049 436 0 
128 0 13 1760 1029 445 1 
128 1 2 1762 1058 460 0 
129 0 13 1760 1029 445 1 
129 1 0 1787 1052 436 0 
130 0 13 1760 1029 445 1 
130 1 0 1791 1050 432 0 
131 0 13 1760 1029 445 1 
131 1 0 1792 1049 431 0 
132 0 13 1760 1029 445 1 
132 1 0 1789 1046 434 0 
133 0 13 1760 1029 445 1 
133 1 0 1796 1047 427 0 
134 0 13 1760 1029 445 1 
134 1 0 1800 1049 423 0 
135 0 13 1760 1029 445 1 
135 1 0 1799 1043 424 0 
136 0 13 1760 1029 445 1 
136 1 0 1796 1046 427 0 
137 0 13 1760 1029 445 1 
137 1 0 1791 1045 432 0 
138 0 13 1760 1029 445 1 
138 1 0 1790 1046 433 0 
139 0 13 1760 1029 445 1 
139 1 0 1790 1043 433 0 
140 0 13 1760 1029 445 1 
140 1 0 1796 1046 427 0 
141 0 13 1760 1029 445 1 
141 1 0 1795 1042 428 0 
142 0 13 1760 1029 445 1 
142 1 0 1794 1048 429 0 
143 0 13 1760 1029 445 1 
143 1 0 1788 1043 435 0 
144 0 13 1760 1029 445 1 
144 1 0 1794 1049 429 0 
145 0 13 1760 1029 445 1 
145 1 0 1796 1049 427 0 
146 0 13 1760 1029 445 1 
146 1 0 1801 1041 422 0 
147 0 13 1760 1029 445 1 
147 1 2 1777 1056 445 0 
148 0 13 1760 1029 445 1 
148 1 0 1793 1047 430 0 
149 0 13 1760 1029 445 1 
149 1 0 1798 1048 425 0 
150 0 13 1760 1029 445 1 
150 1 0 1803 1047 420 0 
151 0 13 1760 1029 445 1 
151 1 0 1803 1040 420 0 
152 0 13 1760 1029 445 1 
152 1 0 1797 1043 426 0 
153 0 13 1760 1029 445 1 
153 1 0 1796 1042 427 0 
154 0 13 1760 1029 445 1 
154 1 0 1795 1044 428 0 
155 0 13 1760 1029 445 1 
155 1 0 1795 1041 428 0 
156 0 13 1760 1029 445 1 
156 1 0 1798 1040 425 0 
157 0 13 1760 1029 445 1 
157 1 0 1800 1045 423 0 
158 0 13 1760 1029 445 1 
158 1 0 1799 1043 424 0 
159 0 13 1760 1029 445 1 
159 1 0 1802 1044 421 0 
160 0 13 1760 1029 445 1 
160 1 0 1800 1042 423 0 
161 0 13 1760 1029 445 1 
161 1 1 1795 1040 428 0 
162 0 13 1760 1029 445 1 
162 1 0 1793 1044 430 0 
163 0 13 1760 1029 445 1 
163 1 0 1792 1048 431 0 
164 0 13 1760 1029 445 1 
164 1 0 1793 1047 430 0 
165 0 13 1760 1029 445 1 
165 1 0 1789 1045 434 0 
166 0 13 1760 1029 445 1 
166 1 0 1787 1043 436 0 
167 0 13 1760 1029 445 1 
167 1 0 1792 1049 431 0 
168 0 13 1760 1029 445 1 
168 1 0 1794 1047 429 0 
169 0 13 1760 1029 445 1 
169 1 0 1794 1045 429 0 
170 0 13 1760 1029 445 1 
170 1 0 1795 1047 428 0 
171 0 13 1760 1029 445 1 
171 1 0 1797 1046 426 0 
172 0 13 1760 1029 445 1 
172 1 0 1793 1044 430 0 
173 0 13 1760 1029 445 1 
173 1 0 1796 1040 427 0 
174 0 13 1760 1029 445 1 
174 1 0 1797 1043 426 0 
175 0 13 1760 1029 445 1 
175 1 0 1799 1046 424 0 
176 0 13 1760 1029 445 1 
176 1 0 1801 1046 422 0 
177 0 13 1760 1029 445 1 
177 1 0 1802 1048 421 0 
178 0 13 1760 1029 445 1 
178 1 1 1797 1038 426 0 
179 0 13 1760 1029 445 1 
179 1 0 1805 1048 418 0 
180 0 13 1760 1029 445 1 
180 1 0 1804 1047 419 0 
181 0 13 1760 1029 445 1 
181 1 1 1792 1045 431 0 
182 0 13 1760 1029 445 1 
182 1 0 1789 1043 434 0 
183 0 13 1760 1029 445 1 
183 1 0 1798 1048 425 0 
184 0 13 1760 1029 445 1 
184 1 1 1787 1045 436 0 
185 0 13 1760 1029 445 1 
185 1 0 1797 1049 426 0 
186 0 13 1760 1029 445 1 
186 1 0 1796 1047 427 0 
187 0 13 1760 1029 445 1 
187 1 1 1787 1044 436 0 
188 0 13 1760 1029 445 1 
188 1 0 1788 1043 435 0 
189 0 13 1760 1029 445 1 
189 1 0 1788 1045 435 0 
190 0 13 1760 1029 445 1 
190 1 0 1790 1049 433 0 
191 0 13 1760 1029 445 1 
191 1 0 1791 1044 432 0 
192 0 13 1760 1029 445 1 
192 1 0 1790 1039 433 0 
193 0 13 1760 1029 445 1 
193 1 1 1769 1060 453 0 
194 0 13 1760 1029 445 1 
194 1 1 1755 1066 468 0 
195 0 13 1760 1029 445 1 
195 1 0 1757 1062 466 0 
196 0 13 1760 1029 445 1 
196 1 0 1767 1059 456 0 
197 0 13 1760 1029 445 1 
197 1 0 1765 1064 458 0 
198 0 13 1760 1029 445 1 
198 1 0 1761 1063 462 0 
199 0 13 1760 1029 445 1 
199 1 1 1756 1045 467 0 
200 0 13 1760 1029 445 1 
200 1 0 1763 1043 460 0 
201 0 13 1760 1029 445 1 
201 1 0 1762 1049 461 0 
202 0 13 1760 1029 445 1 
202 1 0 1761 1052 462 0 
203 0 13 1760 1029 445 1 
203 1 0 1761 1056 462 0 
204 0 13 1760 1029 445 1 
204 1 0 1762 1044 461 0 
205 0 13 1760 1029 445 1 
205 1 0 1762 1050 461 0 
206 0 13 1760 1029 445 1 
206 1 0 1766 1050 457 0 
207 0 13 1760 1029 445 1 
207 1 0 1789 1043 434 0 
208 0 13 1760 1029 445 1 
208 1 3 1767 1040 455 0 
209 0 13 1760 1029 445 1 
209 1 0 1787 1037 436 0 
210 0 13 1760 1029 445 1 
210 1 3 1761 1039 461 0 
211 0 13 1760 1029 445 1 
211 1 0 1751 1057 472 0 
212 0 13 1760 1029 445 1 
212 1 0 1751 1065 472 0 
213 0 13 1760 1029 445 1 
213 1 0 1750 1058 473 0 
214 0 13 1760 1029 445 1 
214 1 0 1752 1063 471 0 
215 0 13 1760 1029 445 1 
215 1 0 1752 1063 471 0 
216 0 13 1760 1029 445 1 
216 1 0 1755 1059 468 0 
217 0 13 1760 1029 445 1 
217 1 1 1743 1055 480 0 
218 0 13 1760 1029 445 1 
218 1 0 1752 1066 471 0 
219 0 13 1760 1029 445 1 
219 1 1 1744 1052 479 0 
220 0 13 1760 1029 445 1 
220 1 0 1754 1068 469 0 
221 0 13 1760 1029 445 1 
221 1 0 1754 1060 469 0 
222 0 13 1760 1029 445 1 
222 1 0 1757 1056 466 0 
223 0 13 1760 1029 445 1 
223 1 0 1757 1056 466 0 
224 0 13 1760 1029 445 1 
224 1 1 1749 1054 474 0 
225 0 13 1760 1029 445 1 
225 1 0 1741 1056 482 0 
226 0 13 1760 1029 445 1 
226 1 0 1745 1063 478 0 
227 0 13 1760 1029 445 1 
227 1 0 1746 1058 477 0 
228 0 13 1760 1029 445 1 
228 1 0 1749 1057 474 0 
229 0 13 1760 1029 445 1 
229 1 0 1748 1051 475 0 
230 0 13 1760 1029 445 1 
230 1 0 1748 1051 475 0 
231 0 13 1760 1029 445 1 
231 1 0 1745 1063 478 0 
232 0 13 1760 1029 445 1 
232 1 0 1751 1051 472 0 
233 0 13 1760 1029 445 1 
233 1 0 1750 1057 473 0 
234 0 13 1760 1029 445 1 
234 1 0 1750 1059 473 0 
235 0 13 1760 1029 445 1 
235 1 0 1747 1061 476 0 
236 0 13 1760 1029 445 1 
236 1 0 1747 1053 476 0 
237 0 13 1760 1029 445 1 
237 1 0 1745 1050 478 0 
238 0 13 1760 1029 445 1 
238 1 0 1745 1052 478 0 
239 0 13 1760 1029 445 1 
239 1 0 1748 1055 475 0 
240 0 13 1760 1029 445 1 
240 1 0 1749 1059 474 0 
241 0 13 1760 1029 445 1 
241 1 0 1751 1053 472 0 
242 0 13 1760 1029 445 1 
242 1 0 1752 1043 471 0 
243 0 13 1760 1029 445 1 
243 1 0 1745 1050 478 0 
244 0 13 1760 1029 445 1 
244 1 0 1744 1055 479 0 
245 0 13 1760 1029 445 1 
245 1 0 1747 1053 476 0 
246 0 13 1760 1029 445 1 
246 1 0 1747 1052 476 0 
247 0 13 1760 1029 445 1 
247 1 0 1749 1052 474 0 
248 0 13 1760 1029 445 1 
248 1 0 1750 1049 473 0 
249 0 13 1760 1029 445 1 
249 1 0 1749 1047 474 0 
250 0 13 1760 1029 445 1 
250 1 0 1753 1044 470 0 
251 0 13 1760 1029 445 1 
251 1 0 1757 1045 466 0 
252 0 13 1760 1029 445 1 
252 1 0 1755 1043 468 0 
253 0 13 1760 1029 445 1 
253 1 0 1754 1047 469 0 
254 0 13 1760 1029 445 1 
254 1 0 1758 1043 465 0 
255 0 13 1760 1029 445 1 
255 1 0 1753 1047 470 0 
256 0 13 1760 1029 445 1 
256 1 0 1754 1046 469 0 
257 0 13 1760 1029 445 1 
257 1 0 1757 1058 466 0 
258 0 13 1760 1029 445 1 
258 1 1 1755 1047 468 0 
259 0 13 1760 1029 445 1 
259 1 0 1759 1042 464 0 
260 0 13 1760 1029 445 1 
260 1 0 1755 1044 468 0 
261 0 13 1760 1029 445 1 
261 1 0 1755 1048 468 0 
262 0 13 1760 1029 445 1 
262 1 0 1749 1049 474 0 
263 0 13 1760 1029 445 1 
263 1 0 1751 1052 472 0 
264 0 13 1760 1029 445 1 
264 1 0 1752 1048 471 0 
265 0 13 1760 1029 445 1 
265 1 0 1753 1049 470 0 
266 0 13 1760 1029 445 1 
266 1 0 1754 1049 469 0 
267 0 13 1760 1029 445 1 
267 1 0 1754 1049 469 0 
268 0 13 1760 1029 445 1 
268 1 0 1764 1051 459 0 
269 0 13 1760 1029 445 1 
269 1 0 1765 1049 458 0 
270 0 13 1760 1029 445 1 
270 1 0 1793 1041 430 0 
271 0 13 1760 1029 445 1 
271 1 4 1759 1034 463 0 
272 0 13 1760 1029 445 1 
272 1 0 1756 1041 467 0 
273 0 13 1760 1029 445 1 
273 1 0 1762 1045 461 0 
274 0 13 1760 1029 445 1 
274 1 1 1755 1043 468 0 
275 0 13 1760 1029 445 1 
275 1 0 1750 1051 473 0 
276 0 13 1760 1029 445 1 
276 1 0 1753 1039 470 0 
277 0 13 1760 1029 445 1 
277 1 0 1761 1040 462 0 
278 0 13 1760 1029 445 1 
278 1 0 1751 1052 472 0 
279 0 13 1760 1029 445 1 
279 1 0 1754 1053 469 0 
280 0 13 1760 1029 445 1 
280 1 0 1754 1052 469 0 
281 0 13 1760 1029 445 1 
281 1 0 1756 1047 467 0 
282 0 13 1760 1029 445 1 
282 1 0 1759 1046 464 0 
283 0 13 1760 1029 445 1 
283 1 0 1764 1049 459 0 
284 0 13 1760 1029 445 1 
284 1 0 1789 1045 434 0 
285 0 13 1760 1029 445 1 
285 1 4 1766 1027 456 0 
286 0 13 1760 1029 445 1 
286 1 0 1791 1040 432 0 
287 0 13 1760 1029 445 1 
287 1 0 1793 1034 430 0 
288 0 13 1760 1029 445 1 
288 1 0 1796 1039 427 0 
289 0 13 1760 1029 445 1 
289 1 0 1798 1037 425 0 
290 0 13 1760 1029 445 1 
290 1 1 1791 1033 432 0 
291 0 13 1760 1029 445 1 
291 1 0 1794 1039 429 0 
292 0 13 1760 1029 445 1 
292 1 0 1796 1034 427 0 
293 0 13 1760 1029 445 1 
293 1 4 1762 1043 459 0 
294 0 13 1760 1029 445 1 
294 1 1 1749 1056 474 0 
295 0 13 1760 1029 445 1 
295 1 0 1762 1050 461 0 
296 0 13 1760 1029 445 1 
296 1 0 1759 1063 464 0 
297 0 13 1760 1029 445 1 
297 1 0 1787 1036 436 0 
298 0 13 1760 1029 445 1 
298 1 2 1766 1038 456 0 
299 0 13 1760 1029 445 1 
299 1 0 1789 1039 434 0 
300 0 13 1760 1029 445 1 
300 1 0 1788 1035 435 0 
301 0 13 1760 1029 445 1 
301 1 2 1764 1045 458 0 
302 0 13 1760 1029 445 1 
302 1 0 1765 1048 458 0 
303 0 13 1760 1029 445 1 
303 1 0 1789 1043 434 0 
304 0 13 1760 1029 445 1 
304 1 2 1765 1050 457 0 
305 0 13 1760 1029 445 1 
305 1 0 1767 1050 456 0 
306 0 13 1760 1029 445 1 
306 1 0 1766 1055 457 0 
307 0 13 1760 1029 445 1 
307 1 0 1790 1045 433 0 
308 0 13 1760 1029 445 1 
308 1 3 1766 1042 456 0 
309 0 13 1760 1029 445 1 
309 1 0 1792 1043 431 0 
310 0 13 1760 1029 445 1 
310 1 0 1792 1034 431 0 
311 0 13 1760 1029 445 1 
311 1 3 1768 1040 454 0 
312 0 13 1760 1029 445 1 
312 1 0 1763 1059 460 0 
313 0 13 1760 1029 445 1 
313 1 0 1761 1060 462 0 
314 0 13 1760 1029 445 1 
314 1 1 1755 1055 468 0 
315 0 13 1760 1029 445 1 
315 1 0 1745 1059 478 0 
