3 0 288 803 66 92 1 
3 1 193 741 71 106 0 
3 2 192 894 68 84 0 
3 3 53 707 88 120 0 
3 4 593 747 53 92 0 
3 5 172 1011 72 68 0 
3 6 265 810 66 81 0 
3 9 153 918 64 88 0 
3 10 414 814 68 91 0 
3 11 705 741 53 64 0 
4 0 288 803 66 92 1 
4 1 192 741 72 106 0 
4 2 191 894 69 83 0 
4 3 53 706 88 122 0 
4 4 592 746 55 93 0 
4 5 171 1010 75 69 0 
4 6 264 807 65 85 0 
4 9 152 917 66 90 0 
4 10 414 814 68 91 0 
4 11 705 740 53 65 0 
4 14 321 664 76 92 0 
5 0 288 803 66 92 1 
5 1 192 741 71 106 0 
5 2 192 895 67 81 0 
5 3 53 707 89 120 0 
5 4 592 746 54 93 0 
5 5 170 1010 74 69 0 
5 6 263 806 67 87 0 
5 9 153 917 64 89 0 
5 10 410 816 73 91 0 
5 11 704 739 55 67 0 
5 14 327 669 72 89 0 
5 16 227 961 81 95 0 
5 17 346 787 83 101 0 
5 18 243 781 60 74 0 
6 0 288 803 66 92 1 
6 1 191 741 72 107 0 
6 2 191 895 68 81 0 
6 3 54 707 87 119 0 
6 4 593 747 52 92 0 
6 5 169 1009 76 70 0 
6 6 263 806 66 87 0 
6 9 151 916 67 90 0 
6 10 410 817 72 90 0 
6 11 706 740 52 66 0 
6 14 320 667 77 90 0 
6 16 226 960 82 97 0 
6 17 298 893 81 94 0 
7 0 288 803 66 92 1 
7 1 189 742 73 106 0 
7 2 190 895 70 82 0 
7 3 54 706 88 120 0 
7 4 592 747 53 93 0 
7 5 166 1009 79 70 0 
7 6 263 805 66 88 0 
7 9 150 917 67 89 0 
7 10 414 817 68 90 0 
7 11 704 740 54 68 0 
7 14 319 667 78 91 0 
7 16 223 960 88 98 0 
7 17 295 891 82 95 0 
7 18 243 782 58 71 0 
8 0 288 803 66 92 1 
8 1 188 741 73 107 0 
8 2 188 896 70 81 0 
8 3 54 708 85 118 0 
8 4 592 748 54 90 0 
8 5 165 1011 79 68 0 
8 6 263 806 66 87 0 
8 9 148 916 67 91 0 
8 10 414 816 67 91 0 
8 11 699 743 56 67 0 
8 16 222 961 88 97 0 
8 17 293 891 82 95 0 
9 0 288 803 66 92 1 
9 1 188 741 73 106 0 
9 2 188 896 70 81 0 
9 3 53 709 86 116 0 
9 4 593 750 53 89 0 
9 5 166 1011 77 68 0 
9 6 263 806 65 86 0 
9 10 413 817 67 89 0 
9 11 698 743 57 68 0 
9 17 294 890 81 97 0 
9 18 277 588 61 81 0 
9 23 110 798 75 118 0 
10 0 288 803 66 92 1 
10 1 187 741 73 106 0 
10 2 187 895 71 83 0 
10 3 53 709 87 115 0 
10 4 591 750 55 90 0 
10 5 165 1010 79 69 0 
10 6 263 806 65 85 0 
10 10 413 818 67 88 0 
10 11 697 743 59 69 0 
10 17 289 888 87 100 0 
10 18 277 588 61 82 0 
10 23 108 801 77 116 0 
11 0 288 803 66 92 1 
11 1 186 741 74 107 0 
11 2 186 895 72 84 0 
11 3 54 708 86 116 0 
11 4 591 751 54 89 0 
11 5 166 1010 77 69 0 
11 6 262 805 67 87 0 
11 10 415 818 64 90 0 
11 11 695 743 61 71 0 
12 0 288 803 66 92 1 
12 1 186 742 73 105 0 
12 2 186 895 72 84 0 
12 3 54 708 86 117 0 
12 5 167 1010 77 69 0 
12 6 262 806 67 87 0 
12 10 415 818 64 91 0 
13 0 288 803 66 92 1 
13 1 186 742 73 105 0 
13 2 187 895 71 84 0 
13 3 54 708 86 116 0 
13 6 262 806 66 86 0 
13 10 414 818 66 91 0 
13 14 399 930 97 110 0 
13 18 276 589 61 81 0 
13 23 111 799 73 122 0 
14 0 288 803 66 92 1 
14 1 188 741 72 106 0 
14 2 187 894 72 86 0 
14 3 54 708 86 117 0 
14 6 262 805 67 88 0 
14 10 413 816 68 93 0 
14 14 407 927 97 113 0 
14 17 293 888 84 103 0 
14 18 277 589 59 81 0 
15 0 288 803 66 92 1 
15 1 189 741 71 105 0 
15 2 186 894 73 86 0 
15 3 54 709 87 116 0 
15 6 261 804 69 89 0 
15 10 413 816 68 92 0 
15 14 415 952 100 116 0 
15 17 295 888 82 104 0 
15 18 277 589 59 82 0 
16 0 288 803 66 92 1 
16 1 186 740 74 108 0 
16 2 188 896 70 84 0 
16 3 54 710 87 115 0 
16 5 242 782 59 71 0 
16 6 263 807 64 84 0 
16 10 412 813 67 93 0 
16 16 249 681 74 91 0 
16 17 299 893 78 99 0 
16 18 279 580 59 82 0 
17 0 288 803 66 92 1 
17 1 187 739 74 109 0 
17 2 188 895 71 84 0 
17 3 53 709 85 115 0 
17 5 250 758 58 72 0 
17 6 264 807 63 84 0 
17 10 412 812 68 94 0 
17 16 252 656 72 90 0 
18 0 288 803 66 92 1 
18 1 186 738 75 110 0 
18 2 188 896 70 82 0 
18 3 52 710 86 113 0 
18 5 243 781 59 73 0 
18 6 263 806 65 85 0 
18 9 264 980 87 97 0 
18 17 301 892 76 99 0 
18 23 107 808 78 118 0 
18 24 186 590 39 51 0 
19 0 288 803 66 92 1 
19 1 186 738 74 110 0 
19 2 189 897 68 80 0 
19 3 53 710 85 114 0 
19 5 244 781 58 73 0 
19 6 264 806 64 84 0 
19 9 273 984 89 95 0 
19 17 305 892 71 98 0 
19 18 251 685 76 89 0 
19 23 107 806 78 117 0 
20 0 288 803 66 92 1 
20 1 185 738 74 110 0 
20 2 188 897 70 80 0 
20 3 53 711 84 113 0 
20 5 249 768 57 73 0 
20 6 264 807 64 82 0 
20 10 432 658 62 110 0 
20 17 306 891 71 99 0 
20 18 250 684 79 91 0 
20 23 107 808 77 116 0 
21 0 288 803 66 92 1 
21 1 185 738 75 110 0 
21 2 188 897 70 80 0 
21 3 53 710 84 114 0 
21 6 264 807 63 82 0 
21 10 434 642 62 112 0 
21 17 304 890 73 100 0 
21 18 250 684 80 91 0 
21 23 108 809 77 117 0 
22 0 288 803 66 92 1 
22 1 184 738 77 110 0 
22 2 188 895 70 82 0 
22 3 53 708 83 116 0 
22 4 594 749 59 85 0 
22 6 263 806 65 84 0 
22 9 261 973 93 105 0 
22 17 303 890 74 99 0 
22 18 250 689 81 91 0 
22 23 109 814 76 115 0 
23 0 288 803 66 92 1 
23 1 185 738 75 110 0 
23 2 188 895 71 82 0 
23 3 53 709 84 116 0 
23 4 595 749 59 84 0 
23 6 263 806 65 84 0 
23 9 267 975 95 104 0 
23 17 303 892 74 99 0 
24 0 288 803 66 92 1 
24 1 185 739 76 110 0 
24 2 189 896 69 80 0 
24 3 54 710 83 115 0 
24 6 263 806 65 84 0 
24 14 431 923 74 109 0 
24 18 248 682 81 93 0 
24 23 109 813 76 115 0 
24 24 188 590 37 51 0 
25 0 288 803 66 92 1 
25 1 185 739 75 109 0 
25 2 187 895 72 81 0 
25 3 53 711 83 113 0 
25 5 164 1009 82 70 0 
25 6 263 806 65 84 0 
25 14 432 923 72 109 0 
25 16 257 983 56 94 0 
25 17 302 948 64 127 0 
25 18 248 685 81 93 0 
25 23 109 813 75 115 0 
25 24 187 590 39 51 0 
26 0 288 803 66 92 1 
26 1 185 738 75 111 0 
26 2 187 896 72 79 0 
26 3 54 711 82 113 0 
26 5 166 1010 78 69 0 
26 6 263 807 65 83 0 
26 11 541 923 86 115 0 
26 14 435 930 72 110 0 
26 16 259 982 54 94 0 
26 17 301 952 67 123 0 
27 0 288 803 66 92 1 
27 1 185 738 76 111 0 
27 3 53 710 83 114 0 
27 5 167 1010 78 69 0 
27 6 264 808 63 81 0 
27 10 410 812 70 95 0 
27 11 532 933 88 119 0 
27 14 541 922 87 118 0 
27 16 261 982 52 95 0 
27 17 300 955 69 118 0 
27 23 111 813 74 116 0 
28 0 288 803 66 92 1 
28 1 185 738 76 111 0 
28 3 51 710 87 114 0 
28 4 595 749 67 99 0 
28 5 169 1011 75 68 0 
28 6 263 808 65 82 0 
28 10 409 814 69 89 0 
28 14 557 927 88 120 0 
28 16 263 982 49 94 0 
28 17 300 955 71 115 0 
29 0 288 803 66 92 1 
29 1 185 738 76 111 0 
29 3 53 707 82 118 0 
29 4 595 748 69 101 0 
29 5 169 1011 75 68 0 
29 6 264 808 63 81 0 
29 10 408 823 69 88 0 
29 16 261 980 52 94 0 
29 17 304 947 67 116 0 
30 0 288 803 66 92 1 
30 1 186 738 74 111 0 
30 2 226 966 59 84 0 
30 3 53 706 81 119 0 
30 5 169 1011 75 68 0 
30 6 263 808 65 82 0 
30 16 260 972 52 97 0 
30 17 306 938 66 121 0 
30 23 115 815 71 115 0 
31 0 288 803 66 92 1 
31 1 183 740 75 110 0 
31 2 189 895 67 82 0 
31 3 54 703 87 123 0 
31 5 165 1013 80 66 0 
31 6 263 807 64 85 0 
31 9 160 911 57 93 0 
31 14 435 921 71 115 0 
31 16 227 967 69 91 0 
31 17 302 924 69 135 0 
31 18 165 822 61 100 0 
31 23 117 816 68 109 0 
31 24 186 587 40 58 0 
32 0 288 803 66 92 1 
32 1 182 740 75 110 0 
32 2 188 894 68 81 0 
32 3 54 702 87 125 0 
32 4 700 742 59 69 0 
32 5 166 1012 77 67 0 
32 6 263 807 64 85 0 
32 9 155 907 56 92 0 
32 10 338 779 87 113 0 
32 14 435 921 71 115 0 
32 16 223 981 71 91 0 
32 17 303 923 70 138 0 
32 18 163 823 63 101 0 
33 0 288 803 66 92 1 
33 1 182 741 76 108 0 
33 2 187 895 69 81 0 
33 3 54 702 88 125 0 
33 4 700 742 58 69 0 
33 5 168 1012 75 67 0 
33 6 262 806 67 87 0 
33 10 337 779 89 112 0 
33 14 434 921 72 114 0 
33 17 303 928 72 134 0 
33 18 163 823 62 101 0 
33 23 117 817 68 107 0 
33 24 185 586 42 60 0 
33 27 43 822 89 148 0 
34 0 288 803 66 92 1 
34 1 183 741 75 108 0 
34 2 187 894 69 80 0 
34 3 54 702 88 125 0 
34 4 700 742 59 69 0 
34 5 160 1012 85 67 0 
34 6 261 806 68 87 0 
34 10 334 775 92 113 0 
34 14 434 922 71 113 0 
34 16 255 909 63 83 0 
34 17 301 936 71 128 0 
34 18 162 823 64 102 0 
34 23 118 818 67 105 0 
34 24 185 587 43 58 0 
34 27 43 821 88 148 0 
35 0 288 803 66 92 1 
35 1 183 740 74 109 0 
35 2 226 970 63 87 0 
35 3 55 702 87 125 0 
35 4 709 742 58 66 0 
35 5 167 1012 77 67 0 
35 6 263 806 66 87 0 
35 9 159 913 57 90 0 
35 10 337 781 89 105 0 
35 14 432 921 74 115 0 
35 16 257 910 60 81 0 
35 17 309 941 64 127 0 
35 18 163 823 62 102 0 
35 23 119 818 66 109 0 
35 24 185 587 43 58 0 
35 27 43 821 87 148 0 
36 0 288 803 66 92 1 
36 1 183 739 74 111 0 
36 2 227 969 63 87 0 
36 3 54 702 88 125 0 
36 5 167 1012 77 67 0 
36 6 263 806 66 87 0 
36 9 159 913 57 91 0 
36 10 331 783 92 106 0 
36 11 532 917 97 127 0 
36 14 427 922 78 115 0 
36 16 257 910 62 80 0 
36 17 309 950 64 120 0 
36 18 163 822 62 103 0 
36 23 119 819 67 109 0 
36 24 185 587 43 58 0 
36 27 42 821 88 150 0 
37 0 288 803 66 92 1 
37 1 182 738 76 112 0 
37 2 227 969 61 88 0 
37 3 55 703 87 124 0 
37 5 170 1012 73 67 0 
37 6 264 807 65 85 0 
37 9 158 911 56 91 0 
37 10 346 792 82 92 0 
37 11 531 919 94 126 0 
37 14 429 921 77 116 0 
37 16 257 911 59 81 0 
37 17 310 945 60 124 0 
37 18 164 823 61 101 0 
37 23 118 819 68 111 0 
37 24 186 587 42 58 0 
37 27 42 820 88 152 0 
37 30 544 653 61 90 0 
37 31 243 781 59 73 0 
38 0 288 803 66 92 1 
38 1 182 739 76 111 0 
38 2 226 969 64 89 0 
38 3 55 705 87 121 0 
38 5 173 1012 71 67 0 
38 6 264 807 65 85 0 
38 10 343 788 82 93 0 
38 11 532 919 91 126 0 
38 14 432 921 74 116 0 
38 16 257 911 60 81 0 
38 17 310 955 60 118 0 
38 18 164 823 61 101 0 
38 23 118 819 69 112 0 
38 24 186 587 41 58 0 
38 27 42 820 88 153 0 
38 30 544 654 62 89 0 
38 31 243 781 60 72 0 
39 0 288 803 66 92 1 
39 1 182 739 75 111 0 
39 2 226 969 63 88 0 
39 3 55 705 87 121 0 
39 5 176 1012 68 67 0 
39 6 265 808 63 83 0 
39 10 344 786 80 94 0 
39 11 532 920 95 126 0 
39 14 432 921 74 116 0 
39 16 256 910 62 82 0 
39 17 310 956 59 117 0 
39 18 164 823 61 101 0 
39 23 119 819 68 112 0 
39 24 186 587 41 58 0 
39 27 43 819 87 156 0 
39 30 545 654 61 90 0 
39 31 244 782 58 70 0 
40 0 288 803 66 92 1 
40 1 182 739 75 111 0 
40 2 229 974 62 88 0 
40 3 56 705 87 121 0 
40 5 176 1012 68 67 0 
40 6 265 808 63 83 0 
40 10 343 784 81 98 0 
40 11 531 920 95 127 0 
40 14 431 921 74 116 0 
40 16 257 911 61 80 0 
40 17 309 957 60 115 0 
40 18 162 829 61 100 0 
40 23 119 818 67 110 0 
40 24 186 587 41 58 0 
40 27 42 819 89 157 0 
40 30 544 654 63 91 0 
40 31 244 782 58 70 0 
41 0 288 803 66 92 1 
41 1 182 739 75 111 0 
41 3 57 706 87 120 0 
41 5 176 1011 68 68 0 
41 6 265 808 63 83 0 
41 10 342 784 83 99 0 
41 11 532 921 92 127 0 
41 14 431 921 74 115 0 
41 16 255 911 64 81 0 
41 17 309 958 62 114 0 
41 23 120 821 66 109 0 
41 24 185 587 42 58 0 
41 27 42 819 89 157 0 
41 30 544 653 62 92 0 
41 31 244 782 58 70 0 
42 0 288 803 66 92 1 
42 1 183 739 74 111 0 
42 5 177 1011 67 68 0 
42 6 264 808 65 83 0 
42 10 338 779 88 106 0 
42 11 532 920 94 129 0 
42 14 432 920 74 117 0 
42 16 256 912 62 79 0 
42 17 309 959 62 113 0 
42 23 121 821 65 109 0 
42 24 186 587 41 58 0 
42 27 42 819 90 156 0 
42 30 544 653 63 93 0 
42 31 244 782 58 70 0 
42 35 245 702 63 79 0 
43 0 288 803 66 92 1 
43 1 182 740 75 110 0 
43 2 189 895 67 80 0 
43 5 178 1010 67 69 0 
43 6 264 808 64 84 0 
43 10 335 779 90 108 0 
43 11 532 920 91 131 0 
43 14 433 920 73 117 0 
43 16 257 912 60 79 0 
43 17 311 960 58 111 0 
43 23 123 822 63 111 0 
43 24 186 587 41 58 0 
43 27 43 819 88 156 0 
43 30 544 652 63 93 0 
43 31 244 782 58 70 0 
44 0 288 803 66 92 1 
44 1 183 741 73 108 0 
44 2 187 891 67 79 0 
44 5 177 1011 68 68 0 
44 6 263 807 65 85 0 
44 11 532 919 92 131 0 
44 14 431 921 75 116 0 
44 16 257 909 59 82 0 
44 17 311 962 59 110 0 
44 23 123 822 63 110 0 
44 24 187 587 39 57 0 
44 27 42 820 89 155 0 
45 0 288 803 66 92 1 
45 1 182 741 74 108 0 
45 5 178 1011 67 68 0 
45 6 262 806 67 87 0 
45 10 338 780 91 106 0 
45 11 531 920 92 130 0 
45 14 435 922 70 115 0 
45 16 256 908 62 83 0 
45 17 312 962 56 109 0 
45 23 122 822 64 107 0 
45 24 186 586 41 59 0 
45 27 42 819 89 155 0 
45 30 543 653 63 93 0 
46 0 288 803 66 92 1 
46 1 185 743 68 108 0 
46 2 191 895 64 79 0 
46 3 55 714 83 110 0 
46 4 411 819 69 91 0 
46 5 172 1012 74 67 0 
46 6 262 806 66 85 0 
46 9 142 918 71 90 0 
46 10 337 781 91 106 0 
46 11 534 924 81 125 0 
46 14 431 923 73 117 0 
46 16 257 910 61 81 0 
46 17 294 891 83 97 0 
46 18 164 823 60 102 0 
46 23 123 823 63 106 0 
46 24 186 588 40 57 0 
46 27 41 819 90 155 0 
46 30 543 650 63 94 0 
46 35 246 703 65 80 0 
47 0 288 803 66 92 1 
47 1 185 743 69 108 0 
47 2 191 894 64 80 0 
47 3 54 714 83 110 0 
47 4 394 824 71 93 0 
47 5 171 1013 75 66 0 
47 6 263 806 64 85 0 
47 9 143 916 70 92 0 
47 10 406 818 75 95 0 
47 11 534 924 82 125 0 
47 14 429 923 74 116 0 
47 17 291 891 85 97 0 
47 18 164 824 60 101 0 
47 24 186 588 40 56 0 
47 30 543 649 63 95 0 
47 35 246 704 64 79 0 
48 0 288 803 66 92 1 
48 1 185 743 68 108 0 
48 2 190 894 65 80 0 
48 3 54 714 82 110 0 
48 4 366 965 66 80 0 
48 6 263 806 64 85 0 
48 9 141 916 72 92 0 
48 10 408 816 73 93 0 
48 11 534 926 80 123 0 
48 14 433 922 71 116 0 
48 16 310 970 60 103 0 
48 17 291 891 85 97 0 
48 18 162 823 62 103 0 
48 24 186 588 40 56 0 
48 30 542 649 66 96 0 
48 35 246 703 70 81 0 
48 38 324 681 77 74 0 
49 0 288 803 66 92 1 
49 1 185 743 67 108 0 
49 2 190 894 66 81 0 
49 3 53 715 84 109 0 
49 4 345 983 68 81 0 
49 5 172 1012 73 67 0 
49 6 263 806 65 85 0 
49 9 141 915 72 94 0 
49 10 407 819 74 94 0 
49 11 535 926 79 122 0 
49 14 443 925 60 112 0 
49 16 309 966 61 107 0 
49 17 293 892 83 96 0 
49 18 163 824 61 102 0 
49 23 121 826 62 100 0 
49 24 185 587 42 58 0 
49 30 543 652 65 94 0 
49 35 246 701 75 83 0 
49 38 324 681 76 73 0 
50 0 288 803 66 92 1 
50 1 185 743 69 108 0 
50 2 190 893 65 80 0 
50 3 53 715 84 109 0 
50 5 171 1012 75 67 0 
50 6 263 807 65 84 0 
50 9 140 915 73 93 0 
50 10 408 816 73 93 0 
50 11 535 927 76 120 0 
50 14 442 923 62 112 0 
50 16 307 962 64 111 0 
50 17 292 887 85 96 0 
50 18 164 824 61 101 0 
50 23 121 827 62 98 0 
51 0 288 803 66 92 1 
51 1 185 744 68 107 0 
51 5 169 1012 77 67 0 
51 6 263 807 64 83 0 
51 10 413 819 72 92 0 
51 11 534 929 73 115 0 
51 14 443 925 60 111 0 
51 16 307 963 66 111 0 
51 18 163 824 62 101 0 
51 23 122 828 61 97 0 
51 24 187 588 39 56 0 
51 30 543 652 65 94 0 
51 35 247 699 76 84 0 
51 38 326 680 74 73 0 
51 41 166 671 49 56 0 
52 0 288 803 66 92 1 
52 1 185 743 68 108 0 
52 5 170 1012 75 67 0 
52 6 263 807 64 83 0 
52 10 354 765 76 109 0 
52 11 534 930 71 114 0 
52 14 443 925 59 110 0 
52 16 311 968 66 111 0 
52 18 163 825 62 100 0 
52 23 122 828 61 96 0 
52 24 186 588 41 56 0 
52 30 542 650 65 94 0 
52 31 275 606 54 64 0 
52 35 247 698 74 85 0 
53 0 288 803 66 92 1 
53 1 184 743 70 109 0 
53 5 170 1012 76 67 0 
53 6 263 807 65 84 0 
53 10 355 764 74 110 0 
53 14 443 925 59 110 0 
53 16 302 962 70 110 0 
53 18 163 825 62 100 0 
53 23 122 828 60 97 0 
53 24 186 588 41 56 0 
53 30 542 649 66 96 0 
53 31 277 607 51 62 0 
53 35 247 696 74 86 0 
53 38 328 679 73 74 0 
53 41 165 670 51 58 0 
54 0 288 803 66 92 1 
54 1 184 744 69 107 0 
54 5 169 1012 77 67 0 
54 6 264 808 63 82 0 
54 10 354 763 75 112 0 
54 11 535 929 70 113 0 
54 14 443 925 59 110 0 
54 16 305 966 70 111 0 
54 18 163 825 62 100 0 
54 23 121 828 62 97 0 
54 24 187 589 39 54 0 
54 30 543 651 65 95 0 
54 31 277 606 51 63 0 
54 35 246 695 79 88 0 
54 38 327 678 75 75 0 
54 41 165 671 52 57 0 
55 0 288 803 66 92 1 
55 1 185 744 68 107 0 
55 2 162 601 41 56 0 
55 4 413 818 67 89 0 
55 6 263 807 64 83 0 
55 10 353 760 77 116 0 
55 11 535 927 75 117 0 
55 14 443 925 60 110 0 
55 18 163 825 62 100 0 
55 23 122 826 61 97 0 
55 24 187 589 39 54 0 
55 30 543 651 64 95 0 
55 31 279 596 51 63 0 
55 35 247 694 77 88 0 
55 38 332 678 71 74 0 
56 0 288 803 66 92 1 
56 1 185 744 68 107 0 
56 2 159 574 39 53 0 
56 4 414 815 66 94 0 
56 6 263 807 64 83 0 
56 10 354 762 76 113 0 
56 11 534 925 78 118 0 
56 18 165 824 60 100 0 
56 23 121 826 61 98 0 
56 24 187 589 39 54 0 
56 30 542 652 66 94 0 
56 35 247 693 81 89 0 
56 38 334 678 68 74 0 
57 0 288 803 66 92 1 
57 1 184 743 70 108 0 
57 2 163 601 38 55 0 
57 4 415 813 67 96 0 
57 6 263 807 64 83 0 
57 10 354 762 76 113 0 
57 11 535 925 78 116 0 
57 18 163 824 63 100 0 
57 23 120 827 62 95 0 
57 24 187 589 39 54 0 
57 30 543 652 65 94 0 
57 35 246 694 75 89 0 
57 38 336 678 65 73 0 
57 41 165 672 52 55 0 
58 0 288 803 66 92 1 
58 1 185 744 68 106 0 
58 2 160 584 38 54 0 
58 4 410 819 72 95 0 
58 6 263 807 64 83 0 
58 10 349 761 80 115 0 
58 11 534 923 80 117 0 
58 18 163 823 63 100 0 
58 23 120 826 61 95 0 
58 24 186 589 40 54 0 
58 30 543 653 64 93 0 
58 35 247 692 81 90 0 
58 38 333 677 67 74 0 
59 0 288 803 66 92 1 
59 1 185 744 68 106 0 
59 4 409 819 73 94 0 
59 6 262 806 65 85 0 
59 10 351 759 78 116 0 
59 11 536 923 79 116 0 
59 18 163 824 63 100 0 
59 23 119 826 62 95 0 
59 24 186 589 40 54 0 
59 30 543 653 64 93 0 
59 35 248 691 82 91 0 
59 38 330 673 69 78 0 
60 0 288 803 66 92 1 
60 1 185 744 68 106 0 
60 4 409 819 73 95 0 
60 6 262 806 65 85 0 
60 10 352 758 78 118 0 
60 11 534 923 81 117 0 
60 18 163 825 63 99 0 
60 24 186 589 40 54 0 
60 30 542 652 66 95 0 
60 31 276 603 52 69 0 
60 35 247 691 84 91 0 
60 38 326 672 73 80 0 
60 41 162 601 41 56 0 
61 0 288 803 66 92 1 
61 1 184 743 71 107 0 
61 4 410 819 73 95 0 
61 5 181 1014 65 65 0 
61 6 262 808 66 84 0 
61 9 156 911 59 94 0 
61 10 356 760 74 119 0 
61 11 534 923 84 118 0 
61 14 301 892 75 92 0 
61 16 255 906 58 86 0 
61 17 309 969 58 102 0 
61 18 161 826 64 98 0 
61 24 187 588 40 55 0 
61 27 43 823 75 143 0 
61 30 542 652 66 95 0 
61 31 275 602 54 69 0 
61 35 248 691 84 91 0 
61 38 326 671 74 84 0 
61 41 161 592 40 56 0 
62 0 288 803 66 92 1 
62 1 184 743 71 107 0 
62 5 182 1014 63 65 0 
62 6 263 809 64 82 0 
62 9 157 910 59 96 0 
62 10 355 759 76 121 0 
62 11 534 922 84 118 0 
62 14 300 893 75 90 0 
62 16 255 907 57 84 0 
62 17 309 968 58 103 0 
62 18 161 827 63 96 0 
62 27 42 826 76 139 0 
62 30 542 652 65 95 0 
62 31 274 602 54 69 0 
62 38 327 672 74 83 0 
62 41 166 671 49 56 0 
62 45 701 744 55 64 0 
63 0 288 803 66 92 1 
63 1 184 743 72 107 0 
63 5 183 1014 62 65 0 
63 6 264 809 63 82 0 
63 9 158 910 58 95 0 
63 10 354 759 77 121 0 
63 11 533 922 86 119 0 
63 14 299 893 76 90 0 
63 16 256 907 56 84 0 
63 17 308 968 60 104 0 
63 18 161 827 63 96 0 
63 27 42 828 77 137 0 
63 30 542 652 65 95 0 
63 31 275 603 53 68 0 
63 38 327 672 74 83 0 
63 41 167 672 49 56 0 
63 45 702 745 52 62 0 
63 47 492 747 71 122 0 
64 0 288 803 66 92 1 
64 1 184 742 71 109 0 
64 5 183 1014 62 65 0 
64 6 264 808 63 83 0 
64 10 354 759 77 122 0 
64 11 532 921 87 118 0 
64 14 301 893 74 90 0 
64 16 255 905 60 86 0 
64 17 309 968 58 103 0 
64 18 160 826 64 98 0 
64 27 42 828 78 137 0 
64 30 542 652 65 95 0 
64 31 274 604 55 68 0 
64 38 327 673 74 81 0 
64 41 167 675 49 56 0 
64 45 702 744 53 63 0 
64 47 492 746 71 123 0 
65 0 288 803 66 92 1 
65 1 183 742 72 108 0 
65 4 411 823 71 89 0 
65 5 183 1014 63 65 0 
65 6 263 808 65 84 0 
65 9 190 892 64 84 0 
65 10 354 748 79 131 0 
65 11 532 922 87 116 0 
65 14 301 893 74 91 0 
65 16 254 907 61 85 0 
65 17 308 968 60 105 0 
65 18 161 826 63 99 0 
65 27 43 828 76 138 0 
65 30 542 652 65 95 0 
65 31 274 606 55 66 0 
65 35 274 674 55 91 0 
65 38 325 671 75 82 0 
65 45 702 744 53 63 0 
65 47 492 746 71 125 0 
65 49 589 746 54 104 0 
66 0 288 803 66 92 1 
66 1 184 743 70 106 0 
66 4 412 823 70 89 0 
66 5 182 1015 65 64 0 
66 6 264 809 63 82 0 
66 9 191 893 63 83 0 
66 10 353 748 83 133 0 
66 11 532 923 83 115 0 
66 14 300 893 75 92 0 
66 16 255 908 58 83 0 
66 17 308 969 60 104 0 
66 18 162 826 62 98 0 
66 23 158 911 57 93 0 
66 27 43 828 76 138 0 
66 30 542 652 66 95 0 
66 31 274 607 53 65 0 
66 35 277 673 52 91 0 
66 38 326 672 75 83 0 
66 45 701 744 55 64 0 
66 47 492 746 72 124 0 
67 0 288 803 66 92 1 
67 1 184 743 71 107 0 
67 5 182 1015 65 64 0 
67 6 264 809 63 82 0 
67 9 191 894 63 82 0 
67 10 355 755 79 125 0 
67 11 532 924 82 113 0 
67 14 300 893 76 93 0 
67 16 254 908 60 84 0 
67 17 308 970 60 103 0 
67 18 162 825 63 100 0 
67 23 158 912 58 93 0 
67 27 43 821 81 147 0 
67 30 542 652 66 95 0 
67 31 274 607 54 64 0 
67 35 275 669 52 95 0 
67 38 326 672 75 83 0 
67 45 701 745 54 62 0 
68 0 288 803 66 92 1 
68 1 183 742 72 109 0 
68 3 56 713 88 112 0 
68 6 264 809 63 83 0 
68 9 191 894 64 82 0 
68 10 353 758 82 121 0 
68 11 532 923 86 112 0 
68 14 299 892 76 93 0 
68 16 254 909 60 85 0 
68 17 307 970 62 105 0 
68 18 161 825 64 101 0 
68 23 159 913 57 92 0 
68 27 43 821 83 148 0 
68 30 542 653 65 94 0 
68 31 275 606 53 65 0 
68 35 274 668 53 97 0 
68 45 701 745 54 62 0 
69 0 288 803 66 92 1 
69 1 183 742 72 109 0 
69 3 57 713 89 112 0 
69 6 263 809 65 83 0 
69 9 190 893 65 83 0 
69 10 352 765 82 114 0 
69 11 530 923 87 113 0 
69 14 299 892 76 94 0 
69 16 254 910 60 83 0 
69 17 307 970 63 105 0 
69 23 158 913 58 92 0 
69 27 44 822 82 147 0 
69 30 542 652 66 96 0 
69 31 275 607 53 65 0 
69 35 273 667 56 99 0 
69 45 702 745 53 62 0 
69 47 493 746 68 122 0 
70 0 288 803 66 92 1 
70 1 183 742 71 109 0 
70 3 58 713 88 111 0 
70 6 263 808 64 85 0 
70 9 191 893 63 82 0 
70 10 354 761 78 116 0 
70 11 530 923 87 112 0 
70 14 300 892 76 92 0 
70 16 254 911 60 83 0 
70 17 307 970 63 105 0 
70 23 158 913 58 92 0 
70 27 43 822 80 149 0 
70 30 542 652 66 96 0 
70 31 274 606 54 66 0 
70 35 275 667 53 99 0 
70 45 701 745 54 63 0 
71 0 288 803 66 92 1 
71 1 183 742 72 109 0 
71 2 240 544 41 55 0 
71 6 263 808 65 85 0 
71 9 190 893 65 82 0 
71 10 355 760 77 119 0 
71 11 531 921 98 119 0 
71 14 300 892 76 92 0 
71 16 255 912 58 81 0 
71 17 307 970 63 105 0 
71 23 157 913 59 92 0 
71 27 43 820 80 151 0 
71 30 542 652 66 95 0 
71 31 273 606 57 67 0 
71 35 273 668 56 98 0 
72 0 288 803 66 92 1 
72 1 183 742 71 108 0 
72 2 245 538 41 56 0 
72 6 263 807 64 85 0 
72 9 191 891 66 83 0 
72 10 355 759 77 120 0 
72 11 531 920 100 120 0 
72 14 301 891 75 93 0 
72 16 255 912 59 81 0 
72 17 308 970 62 104 0 
72 18 115 822 65 112 0 
72 23 156 913 60 93 0 
72 27 42 819 82 153 0 
72 30 542 653 65 94 0 
72 31 273 606 57 67 0 
73 0 288 803 66 92 1 
73 1 183 742 71 109 0 
73 6 262 807 66 85 0 
73 10 353 759 79 122 0 
73 11 528 920 102 122 0 
73 14 299 891 77 93 0 
73 16 255 912 58 82 0 
73 17 307 969 64 106 0 
73 18 115 824 63 112 0 
73 23 156 913 60 93 0 
73 27 42 819 82 152 0 
73 30 541 652 67 96 0 
73 31 273 606 56 66 0 
73 35 274 671 56 96 0 
73 45 700 742 57 67 0 
74 0 288 803 66 92 1 
74 1 182 741 74 110 0 
74 6 263 807 65 85 0 
74 9 190 893 64 83 0 
74 10 354 760 78 121 0 
74 11 529 921 102 121 0 
74 14 300 891 76 93 0 
74 16 255 911 58 83 0 
74 17 308 969 62 105 0 
74 18 115 824 63 111 0 
74 23 156 913 60 93 0 
74 27 43 818 82 152 0 
74 30 542 652 65 95 0 
74 31 274 606 54 66 0 
74 35 274 670 56 97 0 
75 0 288 803 66 92 1 
75 1 182 741 74 108 0 
75 6 263 808 65 84 0 
75 9 190 893 65 83 0 
75 10 354 761 77 119 0 
75 11 529 923 101 118 0 
75 14 300 891 76 93 0 
75 16 254 910 59 84 0 
75 17 308 969 62 105 0 
75 18 115 828 60 108 0 
75 23 158 913 58 93 0 
75 27 45 821 78 148 0 
75 30 542 653 65 94 0 
75 31 273 605 56 68 0 
75 35 274 670 56 97 0 
76 0 288 803 66 92 1 
76 1 181 743 75 107 0 
76 3 56 715 87 107 0 
76 4 165 560 38 57 0 
76 5 144 1012 101 67 0 
76 6 263 808 64 83 0 
76 9 191 892 65 84 0 
76 10 349 757 86 124 0 
76 11 533 924 100 118 0 
76 14 299 891 77 93 0 
76 16 254 910 58 83 0 
76 17 299 971 71 105 0 
76 18 113 829 60 108 0 
76 23 151 915 64 91 0 
76 24 188 588 38 55 0 
76 27 45 821 78 148 0 
76 30 544 653 62 93 0 
77 0 288 803 66 92 1 
77 1 181 744 74 106 0 
77 3 56 716 87 105 0 
77 4 164 561 38 55 0 
77 5 144 1011 102 68 0 
77 6 263 808 64 83 0 
77 10 347 757 88 125 0 
77 11 533 925 99 117 0 
77 14 298 891 79 93 0 
77 17 297 971 73 105 0 
77 23 152 915 62 90 0 
77 24 188 589 37 53 0 
77 30 543 653 64 94 0 
77 31 273 605 57 69 0 
77 35 274 669 55 99 0 
77 38 149 834 69 104 0 
77 45 696 743 63 70 0 
78 0 288 803 66 92 1 
78 1 182 745 72 104 0 
78 4 164 561 38 55 0 
78 5 141 1011 106 68 0 
78 6 262 807 66 85 0 
78 10 347 759 87 123 0 
78 11 533 925 100 118 0 
78 14 298 890 79 95 0 
78 17 300 972 70 104 0 
78 23 152 917 63 90 0 
78 24 188 589 37 53 0 
78 30 544 652 61 93 0 
78 31 273 605 56 69 0 
78 35 274 669 55 99 0 
78 45 696 743 63 70 0 
79 0 288 803 66 92 1 
79 1 182 744 73 106 0 
79 4 164 561 38 55 0 
79 5 147 1011 99 68 0 
79 6 262 807 67 85 0 
79 10 348 759 86 122 0 
79 11 532 925 102 119 0 
79 14 297 890 80 95 0 
79 17 302 972 67 103 0 
79 24 187 588 38 54 0 
79 30 544 652 62 93 0 
79 31 274 603 56 69 0 
80 0 288 803 66 92 1 
80 1 182 744 73 106 0 
80 4 164 561 39 55 0 
80 5 152 1010 95 69 0 
80 6 262 807 67 85 0 
80 10 348 761 85 121 0 
80 11 534 924 99 118 0 
80 14 297 889 80 96 0 
80 17 304 972 65 104 0 
80 30 544 651 62 93 0 
80 31 277 599 55 72 0 
80 35 274 669 54 98 0 
80 49 590 748 52 96 0 
81 0 288 803 66 92 1 
81 1 181 743 75 107 0 
81 4 165 561 38 56 0 
81 5 152 1010 96 69 0 
81 6 262 807 67 85 0 
81 10 348 761 85 121 0 
81 11 534 923 100 120 0 
81 14 295 888 82 97 0 
81 17 304 973 65 103 0 
81 30 544 651 62 93 0 
81 31 277 597 57 75 0 
81 35 274 668 55 100 0 
82 0 288 803 66 92 1 
82 1 182 744 73 105 0 
82 4 164 561 39 56 0 
82 5 157 1010 89 69 0 
82 6 263 807 66 85 0 
82 11 532 923 103 121 0 
82 17 301 968 68 108 0 
82 30 546 652 59 91 0 
82 31 274 603 57 71 0 
82 35 275 669 53 99 0 
82 45 697 743 62 70 0 
82 49 589 748 52 95 0 
83 0 288 803 66 92 1 
83 1 182 744 73 106 0 
83 4 164 561 39 56 0 
83 5 157 1010 90 69 0 
83 6 263 807 65 85 0 
83 11 533 923 103 121 0 
83 17 305 970 64 107 0 
83 30 546 651 60 92 0 
83 31 273 604 58 71 0 
83 35 275 670 54 98 0 
83 45 696 743 64 70 0 
84 0 288 803 66 92 1 
84 1 182 744 73 106 0 
84 4 163 556 38 56 0 
84 5 159 1010 87 69 0 
84 6 264 807 64 85 0 
84 11 536 922 103 120 0 
84 17 306 974 63 103 0 
84 30 545 652 61 92 0 
84 31 273 604 57 70 0 
84 35 276 671 52 97 0 
85 0 288 803 66 92 1 
85 1 181 743 75 108 0 
85 5 158 1009 89 70 0 
85 6 263 807 65 85 0 
85 11 536 923 104 119 0 
85 17 309 972 59 104 0 
85 27 42 814 87 161 0 
85 30 545 652 61 92 0 
86 0 288 803 66 92 1 
86 1 182 743 74 108 0 
86 5 157 1010 90 69 0 
86 6 262 807 66 85 0 
86 11 537 923 102 119 0 
86 17 309 971 60 105 0 
86 27 42 813 87 162 0 
86 30 545 653 61 92 0 
86 31 275 601 58 72 0 
86 45 696 743 64 70 0 
87 0 288 803 66 92 1 
87 1 181 744 75 107 0 
87 3 54 714 86 107 0 
87 5 157 1010 90 69 0 
87 6 261 807 68 86 0 
87 11 537 924 102 117 0 
87 17 310 974 58 102 0 
87 27 43 814 84 160 0 
87 30 545 653 62 92 0 
87 31 275 603 58 71 0 
88 0 288 803 66 92 1 
88 1 181 744 76 107 0 
88 3 53 714 87 108 0 
88 5 157 1009 90 70 0 
88 6 262 807 66 85 0 
88 11 537 924 102 117 0 
88 17 309 971 60 104 0 
88 27 44 814 82 160 0 
88 30 546 652 60 93 0 
88 31 274 604 56 70 0 
89 0 288 803 66 92 1 
89 1 181 744 75 106 0 
89 5 154 1009 94 70 0 
89 6 261 806 68 87 0 
89 10 271 529 53 69 0 
89 11 536 923 103 118 0 
89 17 306 964 65 111 0 
89 24 187 589 50 56 0 
89 27 43 815 83 159 0 
89 30 546 653 60 91 0 
89 31 273 604 58 71 0 
90 0 288 803 66 92 1 
90 1 180 744 76 107 0 
90 5 153 1009 95 70 0 
90 6 261 806 68 87 0 
90 10 272 528 49 71 0 
90 11 536 923 102 117 0 
90 14 354 765 77 112 0 
90 17 305 960 66 115 0 
90 24 187 588 52 58 0 
90 27 43 815 83 159 0 
90 30 546 653 61 91 0 
91 0 288 803 66 92 1 
91 1 182 744 75 107 0 
91 2 447 924 61 111 0 
91 5 153 1010 95 69 0 
91 6 263 807 66 85 0 
91 9 368 967 61 75 0 
91 10 272 528 49 70 0 
91 11 541 924 99 117 0 
91 14 356 766 76 116 0 
91 16 253 911 57 84 0 
91 17 311 975 61 101 0 
91 23 265 985 59 89 0 
91 24 188 589 51 57 0 
91 30 548 649 57 96 0 
91 31 276 608 57 65 0 
91 35 274 669 54 99 0 
92 0 288 803 66 92 1 
92 1 181 743 76 107 0 
92 2 447 923 62 113 0 
92 6 263 807 66 85 0 
92 9 369 968 61 73 0 
92 10 271 529 48 69 0 
92 11 541 924 97 116 0 
92 14 355 765 78 118 0 
92 16 252 910 59 86 0 
92 17 311 976 62 100 0 
92 23 266 985 59 90 0 
92 30 548 650 57 96 0 
92 31 277 609 55 63 0 
92 35 279 668 50 100 0 
92 45 698 744 58 65 0 
93 0 288 803 66 92 1 
93 1 182 744 75 105 0 
93 2 446 923 63 114 0 
93 6 264 808 65 83 0 
93 9 369 968 61 73 0 
93 10 268 520 46 67 0 
93 11 543 924 94 115 0 
93 14 353 764 79 120 0 
93 16 252 910 59 86 0 
93 17 311 970 60 104 0 
93 23 266 985 59 89 0 
93 30 546 648 60 98 0 
93 31 277 609 53 63 0 
93 35 280 668 50 99 0 
93 45 699 743 58 66 0 
94 0 288 803 66 92 1 
94 1 182 744 74 105 0 
94 2 454 941 65 116 0 
94 5 152 1009 95 70 0 
94 6 264 808 64 83 0 
94 9 369 967 60 74 0 
94 11 546 923 92 115 0 
94 14 352 762 82 123 0 
94 16 252 910 59 86 0 
94 17 309 974 63 102 0 
94 23 266 985 59 89 0 
94 30 546 649 60 97 0 
94 31 278 609 51 63 0 
95 0 288 803 66 92 1 
95 1 182 744 74 106 0 
95 5 150 1009 97 70 0 
95 6 264 808 64 83 0 
95 9 369 967 61 74 0 
95 11 532 926 97 112 0 
95 14 351 763 82 122 0 
95 17 310 974 62 101 0 
95 23 266 985 60 89 0 
95 30 546 647 59 97 0 
95 31 277 608 54 64 0 
95 35 278 667 53 101 0 
95 45 698 743 59 66 0 
95 49 421 687 71 105 0 
96 0 288 803 66 92 1 
96 1 181 744 76 106 0 
96 5 152 1009 94 70 0 
96 6 263 808 66 83 0 
96 9 369 967 61 74 0 
96 11 532 926 96 111 0 
96 14 351 763 82 121 0 
96 16 253 910 58 85 0 
96 17 311 974 61 102 0 
96 18 117 829 64 113 0 
96 23 266 985 60 89 0 
96 30 546 649 61 97 0 
96 31 277 609 51 63 0 
96 35 270 668 60 101 0 
96 45 698 743 59 66 0 
96 49 420 687 72 106 0 
97 0 288 803 66 92 1 
97 1 181 744 75 107 0 
97 5 152 1009 93 70 0 
97 6 263 808 64 83 0 
97 9 369 967 61 74 0 
97 11 533 926 94 111 0 
97 14 352 764 80 120 0 
97 16 254 910 55 85 0 
97 17 311 972 60 102 0 
97 18 117 830 65 112 0 
97 23 267 984 59 90 0 
97 30 545 647 61 97 0 
97 31 277 608 52 62 0 
97 35 283 668 45 99 0 
97 45 698 744 58 66 0 
97 49 406 682 75 106 0 
98 0 288 803 66 92 1 
98 1 180 743 77 109 0 
98 5 153 1009 93 70 0 
98 6 263 808 65 83 0 
98 9 368 967 61 75 0 
98 11 547 924 86 113 0 
98 14 353 763 79 120 0 
98 16 253 911 56 83 0 
98 17 309 975 61 100 0 
98 18 117 830 66 113 0 
98 23 267 985 59 88 0 
98 27 43 817 79 157 0 
98 30 547 649 59 97 0 
98 31 275 608 54 61 0 
98 35 283 668 45 98 0 
98 45 698 744 58 66 0 
99 0 288 803 66 92 1 
99 1 180 743 77 109 0 
99 5 153 1009 94 70 0 
99 6 264 808 64 84 0 
99 9 369 967 61 75 0 
99 11 533 926 96 111 0 
99 14 351 762 82 122 0 
99 16 253 911 55 83 0 
99 17 310 975 60 100 0 
99 23 267 985 59 88 0 
99 27 42 818 79 156 0 
99 30 547 649 59 98 0 
99 31 274 608 54 60 0 
99 35 281 667 47 99 0 
99 45 698 744 59 66 0 
99 54 679 846 53 108 0 
100 0 288 803 66 92 1 
100 1 180 744 77 107 0 
100 5 151 1010 95 69 0 
100 6 263 807 66 85 0 
100 9 369 967 61 75 0 
100 11 533 926 95 110 0 
100 14 352 761 81 122 0 
100 16 254 911 53 84 0 
100 17 311 976 57 98 0 
100 23 268 985 57 89 0 
100 27 43 817 78 155 0 
100 30 546 648 60 99 0 
100 31 275 609 52 59 0 
100 35 281 667 47 98 0 
101 0 288 803 66 92 1 
101 1 181 744 76 107 0 
101 5 151 1010 94 69 0 
101 6 264 808 64 84 0 
101 9 368 967 62 76 0 
101 14 351 762 81 121 0 
101 16 253 911 55 84 0 
101 17 312 973 59 101 0 
101 18 116 830 71 111 0 
101 23 267 985 58 88 0 
101 27 43 816 79 157 0 
101 30 548 649 58 98 0 
101 31 275 608 51 60 0 
101 35 281 667 49 99 0 
101 45 698 743 59 67 0 
102 0 288 803 66 92 1 
102 1 181 745 75 105 0 
102 5 150 1010 95 69 0 
102 6 263 807 66 85 0 
102 9 368 967 63 76 0 
102 14 351 764 81 119 0 
102 16 252 910 56 86 0 
102 17 311 972 60 103 0 
102 18 117 830 70 110 0 
102 23 267 985 58 88 0 
102 27 41 815 82 158 0 
102 30 547 648 59 100 0 
102 31 276 608 51 61 0 
102 35 281 668 49 97 0 
102 45 698 743 59 67 0 
103 0 288 803 66 92 1 
103 1 182 744 74 106 0 
103 5 150 1009 95 70 0 
103 6 263 807 66 85 0 
103 9 368 967 62 76 0 
103 14 351 765 80 119 0 
103 16 252 910 56 85 0 
103 17 310 972 62 103 0 
103 18 117 831 67 110 0 
103 23 267 985 58 89 0 
103 24 187 589 52 56 0 
103 27 42 814 80 160 0 
103 30 548 648 58 99 0 
103 31 275 606 51 63 0 
103 35 279 668 52 98 0 
103 45 697 742 61 69 0 
104 0 288 803 66 92 1 
104 1 181 743 76 107 0 
104 5 152 1009 93 70 0 
104 6 264 807 64 85 0 
104 9 368 966 61 76 0 
104 11 533 927 95 111 0 
104 14 353 765 77 119 0 
104 16 252 910 56 85 0 
104 17 310 972 63 103 0 
104 18 117 831 67 110 0 
104 23 266 986 60 88 0 
104 24 187 590 53 55 0 
104 27 42 814 80 160 0 
104 30 548 649 59 99 0 
104 31 275 606 51 63 0 
104 35 278 668 53 97 0 
105 0 288 803 66 92 1 
105 1 182 743 75 106 0 
105 2 439 921 70 117 0 
105 5 153 1010 94 69 0 
105 6 262 807 67 86 0 
105 9 368 966 62 77 0 
105 11 532 927 96 112 0 
105 14 353 765 78 120 0 
105 16 252 911 55 83 0 
105 17 310 972 63 103 0 
105 23 267 987 59 86 0 
105 24 187 590 53 55 0 
105 30 548 650 59 98 0 
105 31 275 606 52 64 0 
105 35 279 669 52 96 0 
106 0 288 803 66 92 1 
106 1 185 742 71 105 0 
106 2 439 921 70 116 0 
106 3 134 918 80 93 0 
106 4 113 753 80 75 0 
106 5 162 1011 84 68 0 
106 6 263 806 66 85 0 
106 9 370 966 62 77 0 
106 10 444 424 43 57 0 
106 14 354 765 77 119 0 
106 16 252 911 56 88 0 
106 17 313 968 60 104 0 
106 23 269 982 54 90 0 
106 24 186 590 55 56 0 
106 30 547 651 61 94 0 
106 31 274 605 53 65 0 
106 35 281 673 48 94 0 
106 38 382 1017 72 61 0 
107 0 288 803 66 92 1 
107 1 186 743 69 103 0 
107 2 436 921 72 116 0 
107 3 137 915 77 94 0 
107 4 112 752 81 76 0 
107 5 162 1012 84 67 0 
107 6 264 806 64 85 0 
107 10 455 416 43 57 0 
107 16 251 910 58 86 0 
107 17 312 968 62 105 0 
107 23 269 982 56 90 0 
107 27 43 829 78 138 0 
107 30 547 651 61 94 0 
107 31 274 606 52 64 0 
107 35 281 674 47 93 0 
107 38 384 1018 71 59 0 
107 54 679 838 57 121 0 
108 0 288 803 66 92 1 
108 1 186 743 69 103 0 
108 2 436 921 73 117 0 
108 3 138 915 77 94 0 
108 4 111 752 82 76 0 
108 5 163 1012 82 67 0 
108 6 263 806 66 85 0 
108 16 251 910 57 86 0 
108 17 312 967 60 105 0 
108 23 269 981 56 92 0 
108 27 43 830 77 136 0 
108 30 548 652 59 92 0 
108 31 274 607 54 63 0 
108 35 281 674 46 92 0 
108 38 383 1018 71 59 0 
108 54 679 837 57 123 0 
109 0 288 803 66 92 1 
109 1 185 742 70 104 0 
109 2 437 921 72 117 0 
109 3 138 915 77 94 0 
109 4 108 759 85 78 0 
109 5 162 1012 84 67 0 
109 6 264 806 64 84 0 
109 10 446 424 41 57 0 
109 16 251 910 57 86 0 
109 17 311 965 61 107 0 
109 18 111 751 82 84 0 
109 23 268 981 57 92 0 
109 27 43 829 78 137 0 
109 30 548 652 59 93 0 
109 31 274 607 52 63 0 
109 35 279 673 49 92 0 
109 38 383 1018 72 59 0 
109 54 678 836 58 124 0 
110 0 288 803 66 92 1 
110 1 185 742 70 104 0 
110 2 437 921 73 117 0 
110 3 138 914 77 95 0 
110 5 161 1011 86 68 0 
110 6 264 806 64 85 0 
110 10 445 424 42 57 0 
110 14 323 675 76 91 0 
110 16 251 910 58 85 0 
110 17 311 964 61 108 0 
110 18 117 753 76 81 0 
110 23 268 981 57 92 0 
110 24 185 591 58 54 0 
110 27 44 828 78 140 0 
110 30 547 651 61 94 0 
110 31 274 606 53 65 0 
110 35 279 673 48 92 0 
110 38 383 1018 72 60 0 
110 54 678 836 59 124 0 
111 0 288 803 66 92 1 
111 1 185 742 71 104 0 
111 2 436 921 74 117 0 
111 3 138 915 77 94 0 
111 5 161 1011 86 68 0 
111 6 263 805 66 87 0 
111 10 445 424 42 57 0 
111 14 323 676 75 88 0 
111 16 251 910 58 85 0 
111 17 310 964 64 109 0 
111 18 119 754 74 80 0 
111 23 267 981 58 92 0 
111 24 186 591 55 53 0 
111 27 43 828 80 141 0 
111 30 548 652 59 93 0 
111 31 273 606 54 66 0 
111 35 278 673 49 92 0 
111 38 383 1018 72 60 0 
111 54 677 836 60 124 0 
112 0 288 803 66 92 1 
112 1 185 742 70 104 0 
112 2 435 921 75 117 0 
112 3 137 917 78 92 0 
112 5 160 1011 88 68 0 
112 6 263 805 66 87 0 
112 10 446 424 41 57 0 
112 14 322 669 74 85 0 
112 16 252 911 56 84 0 
112 17 310 965 64 108 0 
112 18 122 754 69 81 0 
112 23 267 981 58 92 0 
112 24 186 592 55 51 0 
112 27 43 829 79 142 0 
112 30 547 652 61 93 0 
112 31 273 606 55 65 0 
112 35 278 673 49 92 0 
113 0 288 803 66 92 1 
113 1 185 742 70 105 0 
113 2 436 923 74 117 0 
113 3 139 922 78 93 0 
113 5 160 1010 88 69 0 
113 6 263 805 66 87 0 
113 10 453 420 41 58 0 
113 16 252 910 57 85 0 
113 17 311 965 62 107 0 
113 18 123 753 68 82 0 
113 23 267 981 59 92 0 
113 27 42 829 80 143 0 
114 0 288 803 66 92 1 
114 1 184 743 72 104 0 
114 3 136 917 79 93 0 
114 5 160 1011 88 68 0 
114 6 263 805 66 87 0 
114 11 438 657 62 85 0 
114 16 252 910 57 85 0 
114 17 310 964 64 109 0 
114 18 125 753 66 84 0 
114 23 267 981 59 92 0 
114 27 42 830 81 141 0 
114 30 548 651 58 94 0 
114 31 274 606 54 64 0 
114 35 278 672 51 94 0 
114 54 678 837 57 120 0 
114 56 10 973 97 106 0 
115 0 288 803 66 92 1 
115 1 183 743 73 105 0 
115 3 137 916 78 92 0 
115 5 160 1011 88 68 0 
115 6 263 805 66 87 0 
115 11 431 638 59 82 0 
115 16 251 909 58 87 0 
115 17 309 964 65 109 0 
115 18 127 754 65 86 0 
115 23 267 981 59 92 0 
115 27 42 830 82 142 0 
115 30 546 649 59 94 0 
115 31 274 606 54 64 0 
115 35 278 671 50 95 0 
116 0 288 803 66 92 1 
116 1 184 744 70 104 0 
116 3 137 915 78 93 0 
116 5 159 1011 89 68 0 
116 6 263 805 65 87 0 
116 9 535 924 92 118 0 
116 16 251 909 59 87 0 
116 17 310 965 64 108 0 
116 18 127 754 64 89 0 
116 23 267 981 59 92 0 
116 24 186 591 49 53 0 
116 30 545 648 61 95 0 
116 31 275 607 52 63 0 
116 35 278 670 49 96 0 
116 54 677 837 57 119 0 
116 56 10 972 98 107 0 
117 0 288 803 66 92 1 
117 1 183 744 72 104 0 
117 3 137 916 78 91 0 
117 5 159 1011 88 68 0 
117 6 263 805 66 87 0 
117 9 534 923 93 121 0 
117 16 251 909 59 87 0 
117 17 310 966 65 107 0 
117 18 126 753 67 90 0 
117 23 266 982 59 91 0 
117 24 186 591 49 54 0 
117 30 545 648 61 96 0 
117 31 274 606 54 64 0 
117 35 277 669 51 98 0 
117 54 677 839 57 117 0 
118 0 288 803 66 92 1 
118 1 183 744 71 105 0 
118 3 138 911 76 96 0 
118 5 160 1011 88 68 0 
118 6 263 805 66 87 0 
118 9 531 925 96 119 0 
118 16 252 909 58 87 0 
118 17 311 966 63 106 0 
118 18 127 754 66 89 0 
118 23 266 982 60 91 0 
118 24 186 591 49 55 0 
118 27 44 828 79 140 0 
118 30 545 648 61 96 0 
118 31 275 606 51 64 0 
118 35 278 669 50 97 0 
119 0 288 803 66 92 1 
119 1 184 742 71 106 0 
119 3 138 910 77 97 0 
119 5 159 1010 88 69 0 
119 6 263 805 67 86 0 
119 9 528 925 101 119 0 
119 16 251 909 59 87 0 
119 17 310 965 63 107 0 
119 18 128 754 64 88 0 
119 23 265 983 61 90 0 
119 24 185 590 50 56 0 
119 27 43 827 81 141 0 
119 30 545 649 60 95 0 
119 31 274 606 54 64 0 
119 35 277 668 51 99 0 
119 54 677 840 59 116 0 
120 0 288 803 66 92 1 
120 1 185 742 70 106 0 
120 3 138 911 76 96 0 
120 4 56 705 70 115 0 
120 5 160 1011 87 68 0 
120 6 264 805 65 86 0 
120 9 529 926 99 117 0 
120 16 251 909 59 86 0 
120 17 309 964 65 109 0 
120 18 128 753 65 89 0 
120 23 267 982 58 90 0 
120 24 185 590 49 56 0 
120 27 43 826 80 142 0 
120 31 274 606 54 64 0 
120 35 276 669 52 98 0 
120 54 677 840 58 115 0 
121 0 288 803 66 92 1 
121 1 182 744 74 105 0 
121 2 309 894 66 89 0 
121 3 138 918 76 94 0 
121 4 52 704 69 118 0 
121 5 157 1012 88 67 0 
121 6 263 808 64 82 0 
121 9 535 922 96 118 0 
121 10 487 496 51 79 0 
121 11 333 683 67 73 0 
121 14 354 776 79 109 0 
121 16 253 913 53 85 0 
121 17 310 969 64 104 0 
121 18 130 752 60 85 0 
121 23 269 985 55 87 0 
121 27 43 827 81 140 0 
121 31 276 602 51 67 0 
121 35 278 672 51 95 0 
121 38 382 1019 78 59 0 
122 0 288 803 66 92 1 
122 1 181 744 74 104 0 
122 2 310 895 64 87 0 
122 3 140 918 74 94 0 
122 5 162 1015 84 64 0 
122 6 264 809 62 80 0 
122 9 535 920 96 121 0 
122 10 486 495 53 80 0 
122 11 334 685 67 71 0 
122 14 353 774 80 111 0 
122 16 252 912 54 86 0 
122 17 310 970 64 103 0 
122 18 130 753 59 85 0 
122 23 270 986 53 85 0 
122 30 521 606 47 75 0 
122 31 275 607 52 62 0 
122 35 278 673 51 94 0 
122 38 383 1019 79 60 0 
122 45 698 742 61 68 0 
122 49 273 532 55 67 0 
122 54 678 846 52 103 0 
123 0 288 803 66 92 1 
123 1 181 745 74 103 0 
123 2 311 895 63 87 0 
123 3 140 919 74 92 0 
123 5 163 1016 82 63 0 
123 6 263 808 64 81 0 
123 9 534 921 97 119 0 
123 10 486 495 53 81 0 
123 11 333 685 67 71 0 
123 14 353 774 79 111 0 
123 16 252 913 54 85 0 
123 17 311 971 62 101 0 
123 18 131 753 57 85 0 
123 23 270 986 52 85 0 
123 30 522 607 45 73 0 
123 31 275 607 52 62 0 
123 35 279 674 49 92 0 
123 38 382 1019 77 59 0 
123 45 698 742 60 67 0 
124 0 288 803 66 92 1 
124 1 182 746 72 102 0 
124 2 311 895 63 87 0 
124 3 141 918 72 94 0 
124 5 163 1016 82 63 0 
124 6 264 809 62 79 0 
124 9 533 921 98 120 0 
124 10 486 495 53 81 0 
124 11 324 683 67 70 0 
124 14 355 775 76 110 0 
124 16 253 914 53 83 0 
124 17 311 970 61 102 0 
124 18 131 753 59 88 0 
124 23 270 986 52 85 0 
124 30 522 607 46 73 0 
124 31 276 608 50 60 0 
124 35 279 675 49 92 0 
124 38 383 1019 79 60 0 
124 45 700 743 59 66 0 
125 0 288 803 66 92 1 
125 1 181 746 73 102 0 
125 2 311 895 63 87 0 
125 3 141 917 73 94 0 
125 5 164 1016 81 63 0 
125 6 264 809 62 79 0 
125 9 533 922 97 118 0 
125 10 486 495 53 80 0 
125 14 355 776 76 109 0 
125 16 252 914 55 84 0 
125 17 312 970 61 102 0 
125 18 129 751 60 89 0 
125 23 270 986 52 85 0 
125 30 522 608 45 74 0 
125 31 276 608 50 60 0 
125 35 278 674 50 93 0 
125 45 700 742 60 67 0 
125 54 678 847 52 101 0 
126 0 288 803 66 92 1 
126 1 182 747 71 100 0 
126 2 311 895 63 87 0 
126 3 141 916 73 96 0 
126 5 164 1016 81 63 0 
126 6 264 809 62 79 0 
126 9 538 921 98 119 0 
126 10 486 496 53 79 0 
126 11 334 686 66 71 0 
126 14 356 776 75 109 0 
126 16 253 915 53 83 0 
126 17 311 970 62 102 0 
126 18 128 752 61 88 0 
126 23 270 986 52 86 0 
126 30 523 607 44 73 0 
126 31 275 607 52 61 0 
126 35 279 675 48 91 0 
126 54 678 847 51 101 0 
126 59 348 502 58 98 0 
127 0 288 803 66 92 1 
127 1 182 747 71 100 0 
127 2 311 895 63 87 0 
127 3 141 916 73 96 0 
127 5 165 1016 80 63 0 
127 6 264 809 62 79 0 
127 10 487 495 52 80 0 
127 11 335 688 65 70 0 
127 14 357 776 74 109 0 
127 16 253 914 53 84 0 
127 17 311 970 62 102 0 
127 18 130 752 60 90 0 
127 23 270 986 52 86 0 
127 30 523 607 44 74 0 
127 31 276 608 50 60 0 
127 35 282 676 48 91 0 
127 54 678 847 51 100 0 
127 59 348 502 58 98 0 
128 0 288 803 66 92 1 
128 1 182 746 71 101 0 
128 2 311 895 63 87 0 
128 3 140 917 74 96 0 
128 5 165 1016 80 63 0 
128 6 265 809 61 79 0 
128 9 533 922 95 117 0 
128 10 486 495 53 80 0 
128 11 331 687 65 70 0 
128 14 357 772 73 112 0 
128 16 252 914 55 84 0 
128 17 311 969 61 103 0 
128 18 131 751 62 92 0 
128 23 270 986 52 86 0 
128 30 523 607 44 74 0 
128 31 275 608 51 60 0 
128 35 286 676 46 91 0 
128 49 273 532 53 64 0 
128 54 678 847 51 100 0 
129 0 288 803 66 92 1 
129 1 182 746 71 102 0 
129 2 312 895 62 87 0 
129 3 140 918 74 95 0 
129 5 166 1016 79 63 0 
129 6 265 809 61 79 0 
129 9 535 922 94 116 0 
129 10 486 495 53 80 0 
129 14 356 772 74 113 0 
129 16 252 915 54 82 0 
129 17 310 969 63 104 0 
129 18 132 750 62 94 0 
129 23 270 986 52 86 0 
129 30 523 606 45 74 0 
129 31 275 607 51 61 0 
129 35 286 675 46 91 0 
129 49 274 532 52 64 0 
129 54 677 847 52 101 0 
130 0 288 803 66 92 1 
130 1 181 746 73 102 0 
130 2 311 894 63 88 0 
130 5 165 1016 80 63 0 
130 6 264 809 62 79 0 
130 9 535 921 95 117 0 
130 10 486 496 52 79 0 
130 14 355 769 77 115 0 
130 16 253 915 53 83 0 
130 17 311 970 62 102 0 
130 18 132 751 62 94 0 
130 23 269 986 54 87 0 
130 30 523 605 43 72 0 
130 31 275 607 51 61 0 
130 35 286 672 47 95 0 
130 45 529 606 43 62 0 
130 49 271 529 53 65 0 
130 54 678 848 51 99 0 
131 0 288 803 66 92 1 
131 1 182 746 72 102 0 
131 2 311 894 63 88 0 
131 5 161 1013 82 66 0 
131 6 264 809 62 79 0 
131 9 535 920 95 119 0 
131 10 486 496 52 79 0 
131 14 354 766 77 117 0 
131 16 253 915 54 83 0 
131 17 311 970 63 102 0 
131 18 130 752 64 92 0 
131 23 268 986 56 86 0 
131 31 274 606 53 63 0 
131 35 287 669 54 99 0 
131 45 533 607 38 61 0 
131 54 678 848 53 101 0 
131 60 446 424 42 57 0 
131 61 458 770 59 103 0 
132 0 288 803 66 92 1 
132 1 181 745 74 103 0 
132 2 311 893 64 90 0 
132 5 160 1013 83 66 0 
132 6 264 808 62 80 0 
132 9 535 919 95 121 0 
132 10 486 496 52 79 0 
132 14 352 765 80 117 0 
132 16 253 915 54 83 0 
132 17 310 970 64 103 0 
132 18 131 753 62 91 0 
132 23 269 987 54 84 0 
132 31 274 606 53 63 0 
132 35 287 669 54 100 0 
132 45 532 606 39 62 0 
132 54 678 848 53 101 0 
132 60 446 424 43 57 0 
133 0 288 803 66 92 1 
133 1 182 745 72 103 0 
133 2 310 893 65 90 0 
133 5 159 1012 85 67 0 
133 6 264 808 62 81 0 
133 9 538 919 94 121 0 
133 10 488 498 51 78 0 
133 14 355 769 77 114 0 
133 16 253 914 54 84 0 
133 17 311 969 62 102 0 
133 18 131 752 62 92 0 
133 23 269 987 54 84 0 
133 24 245 683 53 75 0 
133 31 275 606 50 63 0 
133 35 285 671 51 98 0 
133 45 533 606 39 61 0 
134 0 288 803 66 92 1 
134 1 182 745 73 104 0 
134 2 309 893 66 90 0 
134 5 161 1014 86 65 0 
134 6 264 808 62 81 0 
134 9 534 920 96 120 0 
134 14 356 771 76 114 0 
134 16 253 914 55 84 0 
134 17 311 969 62 102 0 
134 18 130 752 64 93 0 
134 23 269 987 54 84 0 
134 24 248 688 54 78 0 
134 31 274 605 53 65 0 
134 35 285 672 50 97 0 
134 38 414 823 66 88 0 
134 45 533 607 39 59 0 
135 0 288 803 66 92 1 
135 1 182 745 72 104 0 
135 2 310 893 65 90 0 
135 5 162 1014 85 65 0 
135 6 263 807 64 83 0 
135 9 535 920 95 120 0 
135 11 333 687 69 75 0 
135 14 353 768 79 113 0 
135 16 252 913 56 86 0 
135 17 311 969 62 102 0 
135 18 131 752 63 92 0 
135 23 269 987 54 84 0 
135 27 57 704 68 119 0 
135 31 274 606 53 63 0 
135 35 283 672 54 95 0 
135 38 413 818 67 90 0 
135 45 533 608 38 57 0 
135 54 678 848 53 101 0 
135 60 446 424 41 57 0 
136 0 288 803 66 92 1 
136 1 183 744 75 101 0 
136 2 308 895 68 91 0 
136 3 143 914 71 95 0 
136 4 41 832 80 137 0 
136 5 163 1012 83 67 0 
136 6 262 807 66 84 0 
136 9 532 928 89 115 0 
136 10 486 495 53 81 0 
136 11 336 687 66 80 0 
136 14 359 762 75 116 0 
136 16 248 913 60 88 0 
136 17 311 973 61 102 0 
136 18 130 752 63 89 0 
136 23 269 987 55 85 0 
136 24 243 679 54 80 0 
136 27 58 697 68 117 0 
136 30 588 749 52 89 0 
136 31 275 606 50 62 0 
136 35 286 671 49 96 0 
136 38 416 806 65 92 0 
137 0 288 803 66 92 1 
137 1 184 746 73 99 0 
137 2 306 894 70 92 0 
137 3 142 913 72 97 0 
137 4 41 832 81 138 0 
137 5 163 1012 83 67 0 
137 6 262 807 66 85 0 
137 9 533 928 88 115 0 
137 10 485 495 55 82 0 
137 11 335 687 67 80 0 
137 14 363 770 72 110 0 
137 16 248 913 61 89 0 
137 17 312 973 59 100 0 
137 18 130 752 63 89 0 
137 24 244 683 53 80 0 
137 30 587 749 53 92 0 
137 31 274 605 52 63 0 
137 35 285 671 51 97 0 
137 45 520 604 48 71 0 
137 54 674 853 51 82 0 
138 0 288 803 66 92 1 
138 1 184 746 72 99 0 
138 3 142 913 71 97 0 
138 4 40 838 82 139 0 
138 5 161 1011 86 68 0 
138 6 261 806 69 86 0 
138 9 533 928 88 115 0 
138 10 485 495 55 82 0 
138 11 334 686 70 81 0 
138 14 364 771 72 110 0 
138 16 247 912 63 91 0 
138 17 312 973 59 101 0 
138 18 130 752 63 88 0 
138 24 244 683 54 82 0 
138 27 43 830 80 139 0 
138 30 586 749 55 94 0 
138 31 274 605 52 63 0 
138 35 285 670 52 99 0 
138 45 514 599 49 73 0 
138 54 674 854 50 80 0 
139 0 288 803 66 92 1 
139 1 184 746 72 99 0 
139 3 138 916 76 94 0 
139 5 161 1011 86 68 0 
139 6 262 805 66 86 0 
139 9 532 927 90 116 0 
139 10 486 495 54 80 0 
139 11 333 686 70 81 0 
139 16 247 912 63 91 0 
139 17 310 972 62 102 0 
139 18 131 752 62 87 0 
139 24 246 686 54 84 0 
139 27 43 829 80 141 0 
139 30 586 747 53 96 0 
139 31 275 606 50 61 0 
139 35 286 670 57 98 0 
139 45 517 601 48 77 0 
140 0 288 803 66 92 1 
140 1 184 746 72 99 0 
140 3 140 916 73 94 0 
140 5 160 1011 87 68 0 
140 6 262 805 67 87 0 
140 9 532 927 90 116 0 
140 10 487 496 53 79 0 
140 11 335 687 68 81 0 
140 16 247 913 63 91 0 
140 17 312 973 59 101 0 
140 24 244 681 55 86 0 
140 27 41 828 82 142 0 
140 30 586 747 54 94 0 
140 31 275 601 50 63 0 
140 35 285 671 50 97 0 
140 45 512 597 49 79 0 
140 54 675 854 49 80 0 
140 61 518 590 48 86 0 
141 0 288 803 66 92 1 
141 1 184 746 72 99 0 
141 3 139 916 75 94 0 
141 5 161 1012 86 67 0 
141 6 262 805 67 87 0 
141 9 534 927 87 115 0 
141 11 334 686 70 82 0 
141 16 247 913 63 91 0 
141 17 311 973 61 102 0 
141 18 131 752 61 87 0 
141 23 119 989 68 84 0 
141 24 243 681 57 87 0 
141 27 41 827 82 143 0 
141 30 586 747 55 94 0 
141 31 274 606 52 61 0 
141 35 283 672 52 94 0 
141 54 675 854 48 80 0 
141 61 519 589 47 87 0 
141 62 378 1018 79 61 0 
142 0 288 803 66 92 1 
142 1 184 746 71 99 0 
142 3 138 917 75 93 0 
142 4 54 702 70 123 0 
142 5 161 1012 86 67 0 
142 6 262 805 67 86 0 
142 9 534 927 87 115 0 
142 11 334 686 71 81 0 
142 16 248 913 61 91 0 
142 17 313 972 58 101 0 
142 18 132 753 59 85 0 
142 23 105 990 69 82 0 
142 24 245 684 55 88 0 
142 27 41 831 82 139 0 
142 30 587 748 54 94 0 
142 31 274 605 50 62 0 
142 35 287 672 46 95 0 
142 49 187 589 57 56 0 
142 54 674 854 50 81 0 
142 56 16 980 80 99 0 
142 61 516 585 51 88 0 
143 0 288 803 66 92 1 
143 1 184 746 71 99 0 
143 3 139 917 74 93 0 
143 4 55 695 68 122 0 
143 5 162 1012 84 67 0 
143 6 262 805 66 86 0 
143 9 533 926 89 117 0 
143 11 336 686 66 77 0 
143 14 361 768 70 110 0 
143 16 248 913 61 90 0 
143 17 313 972 58 101 0 
143 18 132 752 59 86 0 
143 24 246 684 54 88 0 
143 27 40 839 83 140 0 
143 30 586 748 55 94 0 
143 31 274 605 50 62 0 
143 35 288 671 52 96 0 
143 49 187 590 57 55 0 
143 54 674 853 50 83 0 
143 56 16 981 79 98 0 
144 0 288 803 66 92 1 
144 1 183 745 72 100 0 
144 2 366 775 64 103 0 
144 3 141 914 72 96 0 
144 5 160 1011 87 68 0 
144 6 263 806 65 85 0 
144 9 534 927 88 116 0 
144 11 336 686 65 77 0 
144 14 361 769 69 109 0 
144 16 249 913 60 90 0 
144 17 313 972 58 101 0 
144 18 133 753 57 84 0 
144 24 247 685 53 86 0 
144 30 585 748 55 93 0 
144 31 274 605 51 62 0 
144 35 290 671 51 97 0 
144 49 186 590 58 55 0 
144 54 674 853 50 83 0 
144 56 16 981 79 98 0 
144 61 513 586 54 83 0 
145 0 288 803 66 92 1 
145 1 185 745 70 100 0 
145 2 371 765 64 105 0 
145 3 138 918 77 95 0 
145 5 159 1011 87 68 0 
145 6 263 806 64 84 0 
145 9 534 926 89 117 0 
145 10 518 580 50 87 0 
145 11 337 686 64 77 0 
145 14 362 770 69 108 0 
145 16 249 913 61 90 0 
145 17 312 971 60 102 0 
145 18 133 752 57 85 0 
145 24 249 686 52 87 0 
145 30 587 749 53 92 0 
145 31 275 605 49 62 0 
145 35 289 670 54 99 0 
145 49 187 590 57 56 0 
145 54 673 852 53 84 0 
146 0 288 803 66 92 1 
146 1 184 745 72 100 0 
146 3 140 917 74 94 0 
146 4 55 700 69 121 0 
146 5 158 1010 89 69 0 
146 6 263 805 65 85 0 
146 9 532 926 91 118 0 
146 10 520 587 51 89 0 
146 11 336 686 65 77 0 
146 14 364 771 67 107 0 
146 16 248 913 62 90 0 
146 17 313 971 58 102 0 
146 24 250 687 53 89 0 
146 30 585 748 55 93 0 
146 31 274 604 51 63 0 
146 35 289 670 54 99 0 
146 49 187 589 58 57 0 
146 54 674 853 51 82 0 
146 56 17 981 78 98 0 
147 0 288 803 66 92 1 
147 1 184 744 72 101 0 
147 2 325 763 59 93 0 
147 3 141 916 73 95 0 
147 4 55 701 68 121 0 
147 5 160 1010 87 69 0 
147 6 263 806 65 84 0 
147 9 532 926 91 118 0 
147 10 486 495 52 81 0 
147 11 335 685 66 78 0 
147 14 364 771 68 108 0 
147 16 248 913 62 90 0 
147 17 313 971 58 102 0 
147 24 247 686 56 89 0 
147 27 41 829 82 142 0 
147 30 586 748 54 93 0 
147 31 273 604 52 64 0 
147 35 290 670 53 99 0 
147 49 188 590 57 56 0 
147 54 674 853 50 82 0 
148 0 288 803 66 92 1 
148 1 183 744 72 102 0 
148 2 322 765 58 94 0 
148 3 140 915 74 96 0 
148 4 55 701 68 121 0 
148 5 160 1010 87 69 0 
148 6 264 807 63 82 0 
148 9 533 926 89 117 0 
148 10 485 494 52 81 0 
148 14 413 823 69 89 0 
148 16 248 913 61 90 0 
148 17 313 970 57 104 0 
148 24 248 687 56 88 0 
148 27 41 834 82 142 0 
148 30 586 747 53 92 0 
148 31 274 603 50 65 0 
148 35 290 670 52 99 0 
148 38 269 984 56 88 0 
148 49 187 590 58 56 0 
149 0 288 803 66 92 1 
149 1 184 745 71 100 0 
149 2 319 763 62 95 0 
149 3 135 920 78 92 0 
149 4 55 701 68 123 0 
149 5 159 1010 88 69 0 
149 6 265 807 62 82 0 
149 9 533 926 90 118 0 
149 14 414 823 68 88 0 
149 16 249 913 60 90 0 
149 17 313 970 58 104 0 
149 24 248 686 55 92 0 
149 30 587 747 53 95 0 
149 31 273 602 52 67 0 
149 35 289 670 53 98 0 
149 38 261 994 54 85 0 
149 49 187 590 58 56 0 
150 0 288 803 66 92 1 
150 1 185 744 70 101 0 
150 2 319 758 60 94 0 
150 3 135 921 78 92 0 
150 4 55 701 68 123 0 
150 5 160 1010 86 69 0 
150 6 265 807 62 82 0 
150 14 403 937 61 84 0 
150 16 248 912 61 91 0 
150 17 313 970 57 103 0 
150 24 247 685 57 92 0 
150 30 586 747 55 94 0 
150 31 273 603 52 66 0 
150 35 289 671 53 97 0 
150 49 187 590 58 56 0 
151 0 288 803 66 92 1 
151 1 183 744 71 101 0 
151 2 308 889 70 93 0 
151 3 138 918 75 91 0 
151 4 56 700 67 123 0 
151 5 161 1012 84 67 0 
151 6 264 806 64 81 0 
151 11 460 788 51 80 0 
151 14 403 938 59 84 0 
151 16 252 913 57 85 0 
151 17 312 970 59 103 0 
151 18 118 834 63 105 0 
151 24 248 686 56 93 0 
151 27 40 836 82 130 0 
151 30 587 750 55 94 0 
151 31 274 605 53 62 0 
151 35 290 672 51 96 0 
151 38 268 984 56 88 0 
151 45 163 667 56 60 0 
151 49 187 590 57 58 0 
151 54 678 857 53 97 0 
151 59 723 819 58 105 0 
151 61 520 581 51 76 0 
152 0 288 803 66 92 1 
152 1 183 745 71 99 0 
152 2 307 890 71 93 0 
152 3 139 917 74 92 0 
152 4 56 701 68 122 0 
152 5 161 1012 84 67 0 
152 6 265 807 63 80 0 
152 11 461 788 51 81 0 
152 14 415 824 64 89 0 
152 16 252 913 56 84 0 
152 17 312 970 59 103 0 
152 18 117 832 66 108 0 
152 24 243 773 58 75 0 
152 27 40 836 81 129 0 
152 31 273 605 54 62 0 
152 35 290 671 52 97 0 
152 38 269 983 54 89 0 
152 45 162 667 59 60 0 
152 49 186 589 58 60 0 
152 54 676 857 57 98 0 
152 56 16 974 82 105 0 
152 59 725 820 57 105 0 
152 61 521 581 49 76 0 
153 0 288 803 66 92 1 
153 1 184 746 69 97 0 
153 2 308 891 70 92 0 
153 3 137 919 76 92 0 
153 4 56 702 68 120 0 
153 5 161 1013 83 66 0 
153 6 263 807 64 80 0 
153 9 402 937 61 86 0 
153 11 461 787 51 83 0 
153 14 415 824 64 88 0 
153 16 253 914 54 83 0 
153 17 312 971 58 101 0 
153 18 117 832 66 107 0 
153 24 242 772 59 75 0 
153 27 40 836 82 130 0 
153 30 723 821 58 103 0 
153 31 275 606 51 60 0 
153 35 290 670 53 99 0 
153 38 269 982 55 91 0 
153 45 162 667 59 60 0 
153 49 186 589 58 60 0 
153 54 676 856 57 99 0 
153 56 15 973 84 106 0 
153 59 739 833 57 104 0 
153 61 522 581 50 76 0 
154 0 288 803 66 92 1 
154 1 183 746 70 97 0 
154 2 307 891 70 92 0 
154 3 139 919 74 91 0 
154 4 57 703 66 119 0 
154 5 161 1013 83 66 0 
154 6 264 807 64 80 0 
154 9 403 937 59 85 0 
154 10 486 496 54 81 0 
154 11 460 787 52 82 0 
154 14 415 823 64 89 0 
154 16 253 914 55 83 0 
154 17 312 971 59 101 0 
154 18 117 831 66 108 0 
154 24 243 782 58 73 0 
154 27 40 836 82 130 0 
154 30 738 830 58 105 0 
154 31 275 606 51 60 0 
154 35 287 672 45 97 0 
154 38 266 988 55 91 0 
154 45 163 667 56 60 0 
154 49 186 589 59 59 0 
154 54 676 856 56 98 0 
154 56 15 973 85 106 0 
154 60 581 744 58 89 0 
155 0 288 803 66 92 1 
155 1 182 746 71 98 0 
155 2 308 890 70 93 0 
155 3 159 911 56 93 0 
155 4 57 703 66 119 0 
155 5 159 1013 86 66 0 
155 6 265 807 63 80 0 
155 9 392 937 58 84 0 
155 10 486 496 54 80 0 
155 11 461 788 51 81 0 
155 14 415 823 65 90 0 
155 16 252 914 57 84 0 
155 17 312 971 59 101 0 
155 18 117 833 66 105 0 
155 27 40 835 83 131 0 
155 31 275 604 50 63 0 
155 35 286 672 45 97 0 
155 38 269 983 54 90 0 
155 45 163 666 58 61 0 
155 49 186 589 58 59 0 
155 54 676 856 57 98 0 
155 56 16 973 83 106 0 
155 60 583 747 57 89 0 
155 61 521 579 50 78 0 
155 62 185 892 67 84 0 
155 63 136 747 55 83 0 
156 0 288 803 66 92 1 
156 1 183 747 69 96 0 
156 2 307 890 71 94 0 
156 3 161 911 55 93 0 
156 4 56 703 68 119 0 
156 5 158 1013 86 66 0 
156 6 264 807 64 80 0 
156 10 486 496 53 79 0 
156 11 461 787 51 83 0 
156 14 413 823 68 90 0 
156 16 253 915 55 82 0 
156 17 312 971 59 101 0 
156 18 117 833 65 104 0 
156 27 40 835 83 131 0 
156 31 275 604 50 63 0 
156 35 286 673 45 95 0 
156 38 269 983 54 90 0 
156 45 161 666 61 61 0 
156 49 187 590 57 58 0 
156 54 677 857 56 97 0 
156 56 14 975 84 104 0 
156 59 558 920 87 117 0 
156 60 584 748 55 90 0 
156 61 520 579 51 79 0 
156 62 184 892 68 84 0 
157 0 288 803 66 92 1 
157 1 182 747 70 96 0 
157 2 308 890 70 94 0 
157 3 162 909 55 94 0 
157 4 56 702 67 119 0 
157 5 159 1013 85 66 0 
157 6 265 807 62 80 0 
157 9 402 937 60 85 0 
157 10 486 496 53 79 0 
157 11 461 787 51 83 0 
157 14 414 824 66 89 0 
157 16 252 915 56 82 0 
157 17 312 970 59 102 0 
157 18 117 835 64 104 0 
157 24 248 691 54 80 0 
157 27 40 837 83 130 0 
157 31 275 597 53 71 0 
157 35 287 673 45 96 0 
157 38 269 983 54 89 0 
157 45 161 666 61 61 0 
157 49 186 589 58 60 0 
157 54 676 857 57 98 0 
157 56 15 978 83 101 0 
158 0 288 803 66 92 1 
158 1 182 747 70 96 0 
158 2 307 890 71 94 0 
158 3 161 909 56 96 0 
158 4 56 702 68 121 0 
158 5 160 1013 84 66 0 
158 6 265 807 63 80 0 
158 9 396 937 59 85 0 
158 11 461 787 51 82 0 
158 14 413 823 68 90 0 
158 16 252 915 56 82 0 
158 17 313 971 58 101 0 
158 18 117 832 65 104 0 
158 24 247 692 51 81 0 
158 31 275 593 54 76 0 
158 35 286 673 46 96 0 
158 38 268 986 53 91 0 
158 45 161 665 62 62 0 
158 49 186 589 58 60 0 
158 54 676 856 57 99 0 
158 56 15 976 82 103 0 
158 59 558 934 90 120 0 
159 0 288 803 66 92 1 
159 1 181 747 71 97 0 
159 2 307 890 71 94 0 
159 3 143 918 73 91 0 
159 4 56 702 69 121 0 
159 5 160 1013 85 66 0 
159 6 265 807 63 80 0 
159 9 403 938 59 84 0 
159 11 461 786 51 84 0 
159 14 415 822 64 89 0 
159 16 252 915 56 82 0 
159 17 313 971 58 101 0 
159 18 117 830 66 106 0 
159 24 245 694 52 79 0 
159 31 274 589 57 79 0 
159 35 286 672 46 98 0 
159 45 161 666 62 61 0 
159 49 186 589 59 60 0 
159 54 677 857 56 99 0 
159 56 15 976 83 103 0 
159 59 558 919 86 118 0 
159 61 520 579 51 78 0 
160 0 288 803 66 92 1 
160 1 182 747 70 96 0 
160 2 307 889 71 95 0 
160 3 142 919 75 90 0 
160 4 56 701 68 122 0 
160 5 160 1012 85 67 0 
160 6 265 806 63 81 0 
160 9 402 938 61 85 0 
160 11 461 786 51 83 0 
160 14 415 822 65 89 0 
160 16 251 914 57 83 0 
160 17 312 969 59 103 0 
160 18 117 830 67 106 0 
160 24 246 694 51 80 0 
160 31 274 592 56 78 0 
160 35 285 673 50 95 0 
160 38 244 775 58 79 0 
160 45 162 667 60 60 0 
160 49 186 589 59 59 0 
160 56 15 975 82 104 0 
160 59 560 920 85 118 0 
160 61 520 580 51 79 0 
160 62 179 890 77 88 0 
161 0 288 803 66 92 1 
161 1 183 747 69 96 0 
161 2 306 889 72 96 0 
161 4 54 703 73 124 0 
161 5 159 1012 87 67 0 
161 6 265 806 63 81 0 
161 9 398 938 61 85 0 
161 11 461 785 51 85 0 
161 14 414 822 66 90 0 
161 16 250 914 59 84 0 
161 17 312 969 59 104 0 
161 18 117 829 67 106 0 
161 24 245 693 53 81 0 
161 31 274 591 56 79 0 
161 35 286 674 48 93 0 
161 38 241 757 57 78 0 
161 45 161 667 61 60 0 
161 49 187 590 58 58 0 
161 56 15 974 83 105 0 
161 59 560 919 85 119 0 
161 61 520 579 51 80 0 
162 0 288 803 66 92 1 
162 1 182 746 70 97 0 
162 2 305 888 74 97 0 
162 4 54 702 73 126 0 
162 5 158 1011 88 68 0 
162 6 265 805 64 83 0 
162 11 460 786 52 84 0 
162 14 415 823 64 88 0 
162 16 251 914 57 83 0 
162 17 311 968 61 105 0 
162 18 117 829 67 106 0 
162 24 246 693 51 81 0 
162 31 274 591 56 79 0 
162 35 287 674 46 93 0 
162 45 162 667 60 60 0 
162 49 186 590 59 58 0 
162 56 14 974 84 105 0 
162 59 560 919 84 118 0 
162 61 520 578 52 81 0 
162 62 180 888 76 91 0 
162 63 132 753 58 85 0 
163 0 288 803 66 92 1 
163 1 182 746 70 97 0 
163 2 306 887 73 97 0 
163 4 54 702 73 126 0 
163 5 159 1011 86 68 0 
163 6 264 805 66 83 0 
163 11 460 787 52 83 0 
163 14 414 822 66 89 0 
163 16 250 914 58 83 0 
163 17 313 968 59 104 0 
163 18 117 829 67 105 0 
163 24 246 693 52 81 0 
163 31 274 592 56 78 0 
163 35 286 673 48 94 0 
163 45 162 666 63 62 0 
163 49 186 589 60 60 0 
163 56 14 975 84 104 0 
163 59 559 919 84 118 0 
163 61 519 578 53 82 0 
163 62 180 888 78 91 0 
164 0 288 803 66 92 1 
164 1 181 745 72 98 0 
164 2 306 890 74 96 0 
164 4 53 703 74 125 0 
164 5 159 1011 87 68 0 
164 6 264 805 66 84 0 
164 11 461 787 51 83 0 
164 14 413 822 68 90 0 
164 16 250 914 57 84 0 
164 17 313 967 60 106 0 
164 18 117 829 68 106 0 
164 24 246 693 51 81 0 
164 31 274 605 53 62 0 
164 35 286 673 49 94 0 
164 45 161 666 63 62 0 
164 49 186 589 60 60 0 
164 54 676 855 58 100 0 
164 56 14 975 84 104 0 
164 59 557 920 85 118 0 
165 0 288 803 66 92 1 
165 1 181 746 71 96 0 
165 4 53 703 75 125 0 
165 5 158 1011 88 68 0 
165 6 263 804 66 84 0 
165 11 461 787 50 82 0 
165 14 415 822 65 89 0 
165 16 250 914 57 84 0 
165 18 117 829 68 106 0 
165 24 246 693 51 80 0 
165 31 275 605 51 62 0 
165 35 287 674 47 92 0 
165 45 161 666 62 62 0 
165 49 186 589 60 60 0 
165 54 676 855 57 100 0 
165 56 13 975 84 104 0 
165 59 558 920 84 118 0 
165 61 520 578 52 84 0 
165 62 180 887 77 92 0 
