3 1 0 1801 1039 422 -1 -1 -1 0 
4 1 0 1803 1038 420 -1 -1 -1 0 
5 1 0 1802 1032 421 -1 -1 -1 0 
6 1 0 1799 1033 424 -1 -1 -1 0 
7 1 0 1798 1031 425 -1 -1 -1 0 
8 1 0 1796 1026 427 -1 -1 -1 0 
9 1 0 1796 1031 427 -1 -1 -1 0 
10 1 1 1788 1021 435 -1 -1 -1 0 
11 1 0 1792 1022 431 -1 -1 -1 0 
12 1 0 1794 1027 429 -1 -1 -1 0 
13 1 0 1792 1026 431 -1 -1 -1 0 
14 1 0 1798 1034 425 -1 -1 -1 0 
15 1 0 1797 1039 426 -1 -1 -1 0 
16 1 0 1797 1035 426 -1 -1 -1 0 
17 1 0 1798 1040 425 -1 -1 -1 0 
18 1 0 1794 1037 429 -1 -1 -1 0 
19 1 0 1793 1038 430 -1 -1 -1 0 
20 1 0 1794 1034 429 -1 -1 -1 0 
21 1 0 1792 1034 431 -1 -1 -1 0 
22 1 0 1788 1029 435 -1 -1 -1 0 
23 1 0 1787 1033 436 -1 -1 -1 0 
24 1 0 1786 1033 437 -1 -1 -1 0 
25 1 0 1786 1033 437 -1 -1 -1 0 
26 1 0 1792 1041 431 -1 -1 -1 0 
27 1 0 1791 1038 432 -1 -1 -1 0 
28 1 0 1795 1048 428 -1 -1 -1 0 
29 1 0 1797 1052 426 -1 -1 -1 0 
30 1 0 1795 1047 428 -1 -1 -1 0 
31 1 1 1788 1040 435 -1 -1 -1 0 
32 1 0 1791 1047 432 -1 -1 -1 0 
33 1 0 1791 1048 432 -1 -1 -1 0 
34 1 0 1787 1043 436 -1 -1 -1 0 
35 1 0 1791 1038 432 -1 -1 -1 0 
36 1 0 1794 1041 429 -1 -1 -1 0 
37 1 0 1790 1041 433 -1 -1 -1 0 
38 1 0 1790 1049 433 -1 -1 -1 0 
39 1 0 1787 1043 436 -1 -1 -1 0 
40 1 0 1784 1042 439 -1 -1 -1 0 
41 1 0 1787 1047 436 -1 -1 -1 0 
42 1 0 1788 1051 435 -1 -1 -1 0 
43 1 3 1760 1055 462 -1 -1 -1 0 
44 1 0 1782 1044 441 -1 -1 -1 0 
45 1 0 1788 1045 435 -1 -1 -1 0 
45 3 569 1162 156 204 -1 -1 -1 0 
46 1 0 1784 1038 439 -1 -1 -1 0 
46 3 575 1162 154 199 -1 -1 -1 0 
47 1 0 1783 1040 440 -1 -1 -1 0 
47 3 583 1163 146 200 -1 -1 -1 0 
48 1 0 1787 1048 436 -1 -1 -1 0 
49 1 0 1786 1044 437 -1 -1 -1 0 
50 1 0 1787 1042 436 -1 -1 -1 0 
51 1 0 1788 1044 435 -1 -1 -1 0 
52 1 0 1785 1041 438 -1 -1 -1 0 
53 1 0 1787 1044 436 -1 -1 -1 0 
54 1 0 1785 1047 438 -1 -1 -1 0 
55 1 0 1783 1042 440 -1 -1 -1 0 
56 1 0 1782 1042 441 -1 -1 -1 0 
57 1 0 1782 1042 441 -1 -1 -1 0 
58 1 0 1785 1043 438 -1 -1 -1 0 
59 1 0 1786 1041 437 -1 -1 -1 0 
60 1 0 1785 1041 438 -1 -1 -1 0 
61 1 0 1781 1043 442 -1 -1 -1 0 
61 3 570 1161 155 214 -1 -1 -1 0 
62 1 0 1783 1045 440 -1 -1 -1 0 
62 3 577 1164 145 206 -1 -1 -1 0 
63 1 3 1755 1053 467 -1 -1 -1 0 
64 1 0 1777 1044 446 -1 -1 -1 0 
65 1 0 1776 1044 447 -1 -1 -1 0 
66 1 0 1777 1042 446 -1 -1 -1 0 
67 1 0 1778 1037 445 -1 -1 -1 0 
67 3 574 1160 149 206 -1 -1 -1 0 
68 1 0 1778 1039 445 -1 -1 -1 0 
69 1 1 1751 1063 471 -1 -1 -1 0 
70 1 0 1748 1069 475 -1 -1 -1 0 
71 1 0 1746 1072 477 -1 -1 -1 0 
72 1 0 1753 1069 470 -1 -1 -1 0 
73 1 0 1749 1070 474 -1 -1 -1 0 
74 1 0 1751 1068 472 -1 -1 -1 0 
74 3 569 1155 156 212 -1 -1 -1 0 
75 1 0 1750 1067 473 -1 -1 -1 0 
76 1 0 1751 1061 472 -1 -1 -1 0 
77 1 0 1748 1063 475 -1 -1 -1 0 
78 1 0 1750 1062 473 -1 -1 -1 0 
79 1 0 1752 1066 471 -1 -1 -1 0 
80 1 0 1752 1051 471 -1 -1 -1 0 
81 1 0 1752 1057 471 -1 -1 -1 0 
82 1 0 1783 1040 440 -1 -1 -1 0 
83 1 2 1761 1047 461 -1 -1 -1 0 
84 1 1 1753 1053 470 -1 -1 -1 0 
85 1 0 1755 1052 468 -1 -1 -1 0 
86 1 0 1759 1058 464 -1 -1 -1 0 
87 1 0 1787 1041 436 -1 -1 -1 0 
88 1 0 1786 1042 437 -1 -1 -1 0 
89 1 2 1761 1054 461 -1 -1 -1 0 
90 1 0 1782 1048 441 -1 -1 -1 0 
91 1 2 1753 1058 469 -1 -1 -1 0 
92 1 0 1780 1050 443 -1 -1 -1 0 
93 1 0 1785 1042 438 -1 -1 -1 0 
94 1 0 1787 1039 436 -1 -1 -1 0 
95 1 0 1786 1039 437 -1 -1 -1 0 
96 1 0 1787 1040 436 -1 -1 -1 0 
97 1 0 1789 1039 434 -1 -1 -1 0 
98 1 3 1759 1052 463 -1 -1 -1 0 
99 1 1 1742 1061 481 -1 -1 -1 0 
100 1 0 1755 1063 468 -1 -1 -1 0 
101 1 0 1745 1061 478 -1 -1 -1 0 
102 1 0 1743 1067 480 -1 -1 -1 0 
103 1 0 1747 1072 476 -1 -1 -1 0 
104 1 0 1753 1073 470 -1 -1 -1 0 
105 1 0 1759 1065 464 -1 -1 -1 0 
106 1 0 1757 1065 466 -1 -1 -1 0 
107 1 0 1758 1071 465 -1 -1 -1 0 
108 1 0 1754 1065 469 -1 -1 -1 0 
109 1 0 1752 1069 471 -1 -1 -1 0 
110 1 0 1758 1064 465 -1 -1 -1 0 
111 1 0 1755 1059 468 -1 -1 -1 0 
112 1 0 1755 1067 468 -1 -1 -1 0 
113 1 0 1749 1063 474 -1 -1 -1 0 
114 1 0 1754 1064 469 -1 -1 -1 0 
115 1 1 1741 1061 482 -1 -1 -1 0 
116 1 0 1741 1064 482 -1 -1 -1 0 
117 1 0 1746 1063 477 -1 -1 -1 0 
118 1 0 1746 1066 477 -1 -1 -1 0 
119 1 0 1783 1049 440 -1 -1 -1 0 
120 1 2 1759 1059 463 -1 -1 -1 0 
121 1 0 1756 1067 467 -1 -1 -1 0 
122 1 0 1760 1063 463 -1 -1 -1 0 
123 1 0 1753 1063 470 -1 -1 -1 0 
124 1 0 1757 1057 466 -1 -1 -1 0 
125 1 0 1778 1039 445 -1 -1 -1 0 
126 1 1 1758 1054 464 -1 -1 -1 0 
127 1 0 1787 1049 436 -1 -1 -1 0 
128 1 2 1762 1058 460 -1 -1 -1 0 
129 1 0 1787 1052 436 -1 -1 -1 0 
130 1 0 1791 1050 432 -1 -1 -1 0 
131 1 0 1792 1049 431 -1 -1 -1 0 
132 1 0 1789 1046 434 -1 -1 -1 0 
133 1 0 1796 1047 427 -1 -1 -1 0 
134 1 0 1800 1049 423 -1 -1 -1 0 
135 1 0 1799 1043 424 -1 -1 -1 0 
136 1 0 1796 1046 427 -1 -1 -1 0 
137 1 0 1791 1045 432 -1 -1 -1 0 
138 1 0 1790 1046 433 -1 -1 -1 0 
139 1 0 1790 1043 433 -1 -1 -1 0 
140 1 0 1796 1046 427 -1 -1 -1 0 
141 1 0 1795 1042 428 -1 -1 -1 0 
142 1 0 1794 1048 429 -1 -1 -1 0 
143 1 0 1788 1043 435 -1 -1 -1 0 
144 1 0 1794 1049 429 -1 -1 -1 0 
145 1 0 1796 1049 427 -1 -1 -1 0 
146 1 0 1801 1041 422 -1 -1 -1 0 
147 1 2 1777 1056 445 -1 -1 -1 0 
148 1 0 1793 1047 430 -1 -1 -1 0 
149 1 0 1798 1048 425 -1 -1 -1 0 
150 1 0 1803 1047 420 -1 -1 -1 0 
151 1 0 1803 1040 420 -1 -1 -1 0 
152 1 0 1797 1043 426 -1 -1 -1 0 
153 1 0 1796 1042 427 -1 -1 -1 0 
154 1 0 1795 1044 428 -1 -1 -1 0 
155 1 0 1795 1041 428 -1 -1 -1 0 
156 1 0 1798 1040 425 -1 -1 -1 0 
157 1 0 1800 1045 423 -1 -1 -1 0 
158 1 0 1799 1043 424 -1 -1 -1 0 
159 1 0 1802 1044 421 -1 -1 -1 0 
160 1 0 1800 1042 423 -1 -1 -1 0 
161 1 1 1795 1040 428 -1 -1 -1 0 
162 1 0 1793 1044 430 -1 -1 -1 0 
163 1 0 1792 1048 431 -1 -1 -1 0 
164 1 0 1793 1047 430 -1 -1 -1 0 
165 1 0 1789 1045 434 -1 -1 -1 0 
166 1 0 1787 1043 436 -1 -1 -1 0 
167 1 0 1792 1049 431 -1 -1 -1 0 
168 1 0 1794 1047 429 -1 -1 -1 0 
169 1 0 1794 1045 429 -1 -1 -1 0 
170 1 0 1795 1047 428 -1 -1 -1 0 
171 1 0 1797 1046 426 -1 -1 -1 0 
172 1 0 1793 1044 430 -1 -1 -1 0 
173 1 0 1796 1040 427 -1 -1 -1 0 
174 1 0 1797 1043 426 -1 -1 -1 0 
175 1 0 1799 1046 424 -1 -1 -1 0 
176 1 0 1801 1046 422 -1 -1 -1 0 
177 1 0 1802 1048 421 -1 -1 -1 0 
178 1 1 1797 1038 426 -1 -1 -1 0 
179 1 0 1805 1048 418 -1 -1 -1 0 
180 1 0 1804 1047 419 -1 -1 -1 0 
181 1 1 1792 1045 431 -1 -1 -1 0 
182 1 0 1789 1043 434 -1 -1 -1 0 
183 1 0 1798 1048 425 -1 -1 -1 0 
184 1 1 1787 1045 436 -1 -1 -1 0 
185 1 0 1797 1049 426 -1 -1 -1 0 
186 1 0 1796 1047 427 -1 -1 -1 0 
187 1 1 1787 1044 436 -1 -1 -1 0 
188 1 0 1788 1043 435 -1 -1 -1 0 
189 1 0 1788 1045 435 -1 -1 -1 0 
190 1 0 1790 1049 433 -1 -1 -1 0 
191 1 0 1791 1044 432 -1 -1 -1 0 
192 1 0 1790 1039 433 -1 -1 -1 0 
193 1 1 1769 1060 453 -1 -1 -1 0 
194 1 1 1755 1066 468 -1 -1 -1 0 
195 1 0 1757 1062 466 -1 -1 -1 0 
196 1 0 1767 1059 456 -1 -1 -1 0 
197 1 0 1765 1064 458 -1 -1 -1 0 
198 1 0 1761 1063 462 -1 -1 -1 0 
199 1 1 1756 1045 467 -1 -1 -1 0 
200 1 0 1763 1043 460 -1 -1 -1 0 
201 1 0 1762 1049 461 -1 -1 -1 0 
202 1 0 1761 1052 462 -1 -1 -1 0 
203 1 0 1761 1056 462 -1 -1 -1 0 
204 1 0 1762 1044 461 -1 -1 -1 0 
205 1 0 1762 1050 461 -1 -1 -1 0 
206 1 0 1766 1050 457 -1 -1 -1 0 
207 1 0 1789 1043 434 -1 -1 -1 0 
208 1 3 1767 1040 455 -1 -1 -1 0 
209 1 0 1787 1037 436 -1 -1 -1 0 
210 1 3 1761 1039 461 -1 -1 -1 0 
211 1 0 1751 1057 472 -1 -1 -1 0 
212 1 0 1751 1065 472 -1 -1 -1 0 
213 1 0 1750 1058 473 -1 -1 -1 0 
214 1 0 1752 1063 471 -1 -1 -1 0 
215 1 0 1752 1063 471 -1 -1 -1 0 
216 1 0 1755 1059 468 -1 -1 -1 0 
217 1 1 1743 1055 480 -1 -1 -1 0 
218 1 0 1752 1066 471 -1 -1 -1 0 
219 1 1 1744 1052 479 -1 -1 -1 0 
220 1 0 1754 1068 469 -1 -1 -1 0 
221 1 0 1754 1060 469 -1 -1 -1 0 
222 1 0 1757 1056 466 -1 -1 -1 0 
223 1 0 1757 1056 466 -1 -1 -1 0 
224 1 1 1749 1054 474 -1 -1 -1 0 
225 1 0 1741 1056 482 -1 -1 -1 0 
226 1 0 1745 1063 478 -1 -1 -1 0 
227 1 0 1746 1058 477 -1 -1 -1 0 
228 1 0 1749 1057 474 -1 -1 -1 0 
229 1 0 1748 1051 475 -1 -1 -1 0 
230 1 0 1748 1051 475 -1 -1 -1 0 
231 1 0 1745 1063 478 -1 -1 -1 0 
232 1 0 1751 1051 472 -1 -1 -1 0 
233 1 0 1750 1057 473 -1 -1 -1 0 
234 1 0 1750 1059 473 -1 -1 -1 0 
235 1 0 1747 1061 476 -1 -1 -1 0 
236 1 0 1747 1053 476 -1 -1 -1 0 
237 1 0 1745 1050 478 -1 -1 -1 0 
238 1 0 1745 1052 478 -1 -1 -1 0 
239 1 0 1748 1055 475 -1 -1 -1 0 
240 1 0 1749 1059 474 -1 -1 -1 0 
241 1 0 1751 1053 472 -1 -1 -1 0 
242 1 0 1752 1043 471 -1 -1 -1 0 
243 1 0 1745 1050 478 -1 -1 -1 0 
244 1 0 1744 1055 479 -1 -1 -1 0 
245 1 0 1747 1053 476 -1 -1 -1 0 
246 1 0 1747 1052 476 -1 -1 -1 0 
247 1 0 1749 1052 474 -1 -1 -1 0 
248 1 0 1750 1049 473 -1 -1 -1 0 
249 1 0 1749 1047 474 -1 -1 -1 0 
250 1 0 1753 1044 470 -1 -1 -1 0 
251 1 0 1757 1045 466 -1 -1 -1 0 
252 1 0 1755 1043 468 -1 -1 -1 0 
253 1 0 1754 1047 469 -1 -1 -1 0 
254 1 0 1758 1043 465 -1 -1 -1 0 
255 1 0 1753 1047 470 -1 -1 -1 0 
256 1 0 1754 1046 469 -1 -1 -1 0 
257 1 0 1757 1058 466 -1 -1 -1 0 
258 1 1 1755 1047 468 -1 -1 -1 0 
259 1 0 1759 1042 464 -1 -1 -1 0 
260 1 0 1755 1044 468 -1 -1 -1 0 
261 1 0 1755 1048 468 -1 -1 -1 0 
262 1 0 1749 1049 474 -1 -1 -1 0 
263 1 0 1751 1052 472 -1 -1 -1 0 
264 1 0 1752 1048 471 -1 -1 -1 0 
265 1 0 1753 1049 470 -1 -1 -1 0 
266 1 0 1754 1049 469 -1 -1 -1 0 
267 1 0 1754 1049 469 -1 -1 -1 0 
268 1 0 1764 1051 459 -1 -1 -1 0 
269 1 0 1765 1049 458 -1 -1 -1 0 
270 1 0 1793 1041 430 -1 -1 -1 0 
271 1 4 1759 1034 463 -1 -1 -1 0 
272 1 0 1756 1041 467 -1 -1 -1 0 
273 1 0 1762 1045 461 -1 -1 -1 0 
274 1 1 1755 1043 468 -1 -1 -1 0 
275 1 0 1750 1051 473 -1 -1 -1 0 
276 1 0 1753 1039 470 -1 -1 -1 0 
277 1 0 1761 1040 462 -1 -1 -1 0 
278 1 0 1751 1052 472 -1 -1 -1 0 
279 1 0 1754 1053 469 -1 -1 -1 0 
280 1 0 1754 1052 469 -1 -1 -1 0 
281 1 0 1756 1047 467 -1 -1 -1 0 
282 1 0 1759 1046 464 -1 -1 -1 0 
283 1 0 1764 1049 459 -1 -1 -1 0 
284 1 0 1789 1045 434 -1 -1 -1 0 
285 1 4 1766 1027 456 -1 -1 -1 0 
286 1 0 1791 1040 432 -1 -1 -1 0 
287 1 0 1793 1034 430 -1 -1 -1 0 
288 1 0 1796 1039 427 -1 -1 -1 0 
289 1 0 1798 1037 425 -1 -1 -1 0 
290 1 1 1791 1033 432 -1 -1 -1 0 
291 1 0 1794 1039 429 -1 -1 -1 0 
292 1 0 1796 1034 427 -1 -1 -1 0 
293 1 4 1762 1043 459 -1 -1 -1 0 
294 1 1 1749 1056 474 -1 -1 -1 0 
295 1 0 1762 1050 461 -1 -1 -1 0 
296 1 0 1759 1063 464 -1 -1 -1 0 
297 1 0 1787 1036 436 -1 -1 -1 0 
298 1 2 1766 1038 456 -1 -1 -1 0 
299 1 0 1789 1039 434 -1 -1 -1 0 
300 1 0 1788 1035 435 -1 -1 -1 0 
301 1 2 1764 1045 458 -1 -1 -1 0 
302 1 0 1765 1048 458 -1 -1 -1 0 
303 1 0 1789 1043 434 -1 -1 -1 0 
304 1 2 1765 1050 457 -1 -1 -1 0 
305 1 0 1767 1050 456 -1 -1 -1 0 
306 1 0 1766 1055 457 -1 -1 -1 0 
307 1 0 1790 1045 433 -1 -1 -1 0 
308 1 3 1766 1042 456 -1 -1 -1 0 
309 1 0 1792 1043 431 -1 -1 -1 0 
310 1 0 1792 1034 431 -1 -1 -1 0 
311 1 3 1768 1040 454 -1 -1 -1 0 
312 1 0 1763 1059 460 -1 -1 -1 0 
313 1 0 1761 1060 462 -1 -1 -1 0 
314 1 1 1755 1055 468 -1 -1 -1 0 
315 1 0 1745 1059 478 -1 -1 -1 0 
